# eta f fp fpp
0.0000000000 0.000000000000e+00 0.000000000000e+00 3.320573372049e-01
0.0100000000 1.660286686024e-05 3.320573349077e-03 3.320573280164e-01
0.0200000000 6.641146606270e-05 6.641146376557e-03 3.320572636968e-01
0.0300000000 1.494257907160e-04 9.961718255474e-03 3.320570891153e-01
0.0400000000 2.656458229025e-04 1.328228760755e-02 3.320567491410e-01
0.0500000000 4.150715281655e-04 1.660285250322e-02 3.320561886438e-01
0.0600000000 5.977028499957e-04 1.992341046159e-02 3.320553524940e-01
0.0700000000 8.135397043188e-04 2.324395845050e-02 3.320541855637e-01
0.0800000000 1.062581973982e-03 2.656449288650e-02 3.320526327263e-01
0.0900000000 1.344829503243e-03 2.988500963492e-02 3.320506388581e-01
0.1000000000 1.660282092256e-03 3.320550400983e-02 3.320481488384e-01
0.1100000000 2.008939491558e-03 3.652597077413e-02 3.320451075508e-01
0.1200000000 2.390801396562e-03 3.984640413958e-02 3.320414598836e-01
0.1300000000 2.805867442042e-03 4.316679776685e-02 3.320371507316e-01
0.1400000000 3.254137196623e-03 4.648714476560e-02 3.320321249966e-01
0.1500000000 3.735610157274e-03 4.980743769454e-02 3.320263275891e-01
0.1600000000 4.250285743794e-03 5.312766856153e-02 3.320197034293e-01
0.1700000000 4.798163293308e-03 5.644782882372e-02 3.320121974489e-01
0.1800000000 5.379242054760e-03 5.976790938759e-02 3.320037545924e-01
0.1900000000 5.993521183405e-03 6.308790060917e-02 3.319943198189e-01
0.2000000000 6.640999735308e-03 6.640779229416e-02 3.319838381039e-01
0.2100000000 7.321676661838e-03 6.972757369809e-02 3.319722544408e-01
0.2200000000 8.035550804171e-03 7.304723352652e-02 3.319595138436e-01
0.2300000000 8.782620887789e-03 7.636675993529e-02 3.319455613480e-01
0.2400000000 9.562885516985e-03 7.968614053069e-02 3.319303420144e-01
0.2500000000 1.037634316937e-02 8.300536236974e-02 3.319138009297e-01
0.2600000000 1.122299219037e-02 8.632441196049e-02 3.318958832098e-01
0.2700000000 1.210283078777e-02 8.964327526230e-02 3.318765340020e-01
0.2800000000 1.301585702618e-02 9.296193768617e-02 3.318556984875e-01
0.2900000000 1.396206882159e-02 9.628038409509e-02 3.318333218844e-01
0.3000000000 1.494146393590e-02 9.959859880441e-02 3.318093494500e-01
0.3100000000 1.595403997140e-02 1.029165655823e-01 3.317837264840e-01
0.3200000000 1.699979436533e-02 1.062342676501e-01 3.317563983311e-01
0.3300000000 1.807872438443e-02 1.095516876829e-01 3.317273103846e-01
0.3400000000 1.919082711946e-02 1.128688078100e-01 3.316964080887e-01
0.3500000000 2.033609947971e-02 1.161856096152e-01 3.316636369428e-01
0.3600000000 2.151453818764e-02 1.195020741379e-01 3.316289425040e-01
0.3700000000 2.272613977333e-02 1.228181818730e-01 3.315922703908e-01
0.3800000000 2.397090056913e-02 1.261339127724e-01 3.315535662869e-01
0.3900000000 2.524881670417e-02 1.294492462446e-01 3.315127759443e-01
0.4000000000 2.655988409897e-02 1.327641611565e-01 3.314698451877e-01
0.4100000000 2.790409846000e-02 1.360786358333e-01 3.314247199176e-01
0.4200000000 2.928145527429e-02 1.393926480597e-01 3.313773461148e-01
0.4300000000 3.069194980400e-02 1.427061750807e-01 3.313276698442e-01
0.4400000000 3.213557708106e-02 1.460191936022e-01 3.312756372588e-01
0.4500000000 3.361233190176e-02 1.493316797923e-01 3.312211946041e-01
0.4600000000 3.512220882138e-02 1.526436092819e-01 3.311642882222e-01
0.4700000000 3.666520214886e-02 1.559549571658e-01 3.311048645563e-01
0.4800000000 3.824130594136e-02 1.592656980039e-01 3.310428701553e-01
0.4900000000 3.985051399902e-02 1.625758058220e-01 3.309782516780e-01
0.5000000000 4.149281985953e-02 1.658852541131e-01 3.309109558983e-01
0.5100000000 4.316821679288e-02 1.691940158385e-01 3.308409297094e-01
0.5200000000 4.487669779600e-02 1.725020634293e-01 3.307681201290e-01
0.5300000000 4.661825558750e-02 1.758093687869e-01 3.306924743041e-01
0.5400000000 4.839288260236e-02 1.791159032854e-01 3.306139395161e-01
0.5500000000 5.020057098665e-02 1.824216377721e-01 3.305324631859e-01
0.5600000000 5.204131259232e-02 1.857265425692e-01 3.304479928788e-01
0.5700000000 5.391509897188e-02 1.890305874754e-01 3.303604763103e-01
0.5800000000 5.582192137326e-02 1.923337417674e-01 3.302698613510e-01
0.5900000000 5.776177073452e-02 1.956359742012e-01 3.301760960324e-01
0.6000000000 5.973463767870e-02 1.989372530142e-01 3.300791285523e-01
0.6100000000 6.174051250861e-02 2.022375459263e-01 3.299789072800e-01
0.6200000000 6.377938520171e-02 2.055368201423e-01 3.298753807630e-01
0.6300000000 6.585124540492e-02 2.088350423531e-01 3.297684977316e-01
0.6400000000 6.795608242950e-02 2.121321787382e-01 3.296582071057e-01
0.6500000000 7.009388524598e-02 2.154281949669e-01 3.295444580001e-01
0.6600000000 7.226464247901e-02 2.187230562010e-01 3.294271997309e-01
0.6700000000 7.446834240235e-02 2.220167270961e-01 3.293063818216e-01
0.6800000000 7.670497293378e-02 2.253091718043e-01 3.291819540088e-01
0.6900000000 7.897452163012e-02 2.286003539764e-01 3.290538662489e-01
0.7000000000 8.127697568217e-02 2.318902367634e-01 3.289220687244e-01
0.7100000000 8.361232190977e-02 2.351787828197e-01 3.287865118501e-01
0.7200000000 8.598054675680e-02 2.384659543047e-01 3.286471462794e-01
0.7300000000 8.838163628632e-02 2.417517128859e-01 3.285039229113e-01
0.7400000000 9.081557617558e-02 2.450360197407e-01 3.283567928967e-01
0.7500000000 9.328235171116e-02 2.483188355596e-01 3.282057076449e-01
0.7600000000 9.578194778415e-02 2.516001205484e-01 3.280506188306e-01
0.7700000000 9.831434888525e-02 2.548798344308e-01 3.278914784008e-01
0.7800000000 1.008795391000e-01 2.581579364517e-01 3.277282385811e-01
0.7900000000 1.034775021041e-01 2.614343853795e-01 3.275608518831e-01
0.8000000000 1.061082211584e-01 2.647091395091e-01 3.273892711113e-01
0.8100000000 1.087716791045e-01 2.679821566651e-01 3.272134493700e-01
0.8200000000 1.114678583598e-01 2.712533942046e-01 3.270333400705e-01
0.8300000000 1.141967409130e-01 2.745228090203e-01 3.268488969379e-01
0.8400000000 1.169583083194e-01 2.777903575440e-01 3.266600740189e-01
0.8500000000 1.197525416963e-01 2.810559957493e-01 3.264668256886e-01
0.8600000000 1.225794217185e-01 2.843196791554e-01 3.262691066577e-01
0.8700000000 1.254389286138e-01 2.875813628302e-01 3.260668719803e-01
0.8800000000 1.283310421582e-01 2.908410013941e-01 3.258600770610e-01
0.8900000000 1.312557416720e-01 2.940985490231e-01 3.256486776621e-01
0.9000000000 1.342130060148e-01 2.973539594528e-01 3.254326299115e-01
0.9100000000 1.372028135815e-01 3.006071859818e-01 3.252118903101e-01
0.9200000000 1.402251422978e-01 3.038581814757e-01 3.249864157392e-01
0.9300000000 1.432799696158e-01 3.071068983708e-01 3.247561634681e-01
0.9400000000 1.463672725101e-01 3.103532886782e-01 3.245210911619e-01
0.9500000000 1.494870274729e-01 3.135973039875e-01 3.242811568891e-01
0.9600000000 1.526392105105e-01 3.168388954710e-01 3.240363191289e-01
0.9700000000 1.558237971389e-01 3.200780138880e-01 3.237865367797e-01
0.9800000000 1.590407623794e-01 3.233146095889e-01 3.235317691661e-01
0.9900000000 1.622900807549e-01 3.265486325196e-01 3.232719760470e-01
1.0000000000 1.655717262858e-01 3.297800322255e-01 3.230071176233e-01
1.0100000000 1.688856724859e-01 3.330087578564e-01 3.227371545457e-01
1.0200000000 1.722318923587e-01 3.362347581711e-01 3.224620479227e-01
1.0300000000 1.756103583930e-01 3.394579815416e-01 3.221817593281e-01
1.0400000000 1.790210425598e-01 3.426783759579e-01 3.218962508092e-01
1.0500000000 1.824639163078e-01 3.458958890330e-01 3.216054848944e-01
1.0600000000 1.859389505602e-01 3.491104680078e-01 3.213094246012e-01
1.0700000000 1.894461157107e-01 3.523220597554e-01 3.210080334440e-01
1.0800000000 1.929853816197e-01 3.555306107871e-01 3.207012754421e-01
1.0900000000 1.965567176113e-01 3.587360672565e-01 3.203891151273e-01
1.1000000000 2.001600924691e-01 3.619383749653e-01 3.200715175522e-01
1.1100000000 2.037954744331e-01 3.651374793685e-01 3.197484482977e-01
1.1200000000 2.074628311960e-01 3.683333255793e-01 3.194198734810e-01
1.1300000000 2.111621299000e-01 3.715258583750e-01 3.190857597634e-01
1.1400000000 2.148933371337e-01 3.747150222022e-01 3.187460743584e-01
1.1500000000 2.186564189280e-01 3.779007611824e-01 3.184007850391e-01
1.1600000000 2.224513407540e-01 3.810830191176e-01 3.180498601463e-01
1.1700000000 2.262780675187e-01 3.842617394963e-01 3.176932685964e-01
1.1800000000 2.301365635627e-01 3.874368654989e-01 3.173309798886e-01
1.1900000000 2.340267926571e-01 3.906083400038e-01 3.169629641135e-01
1.2000000000 2.379487179999e-01 3.937761055932e-01 3.165891919601e-01
1.2100000000 2.419023022137e-01 3.969401045593e-01 3.162096347236e-01
1.2200000000 2.458875073425e-01 4.001002789103e-01 3.158242643134e-01
1.2300000000 2.499042948490e-01 4.032565703766e-01 3.154330532605e-01
1.2400000000 2.539526256120e-01 4.064089204171e-01 3.150359747249e-01
1.2500000000 2.580324599234e-01 4.095572702254e-01 3.146330025035e-01
1.2600000000 2.621437574856e-01 4.127015607363e-01 3.142241110373e-01
1.2700000000 2.662864774095e-01 4.158417326322e-01 3.138092754189e-01
1.2800000000 2.704605782111e-01 4.189777263499e-01 3.133884713998e-01
1.2900000000 2.746660178100e-01 4.221094820868e-01 3.129616753982e-01
1.3000000000 2.789027535262e-01 4.252369398081e-01 3.125288645056e-01
1.3100000000 2.831707420786e-01 4.283600392531e-01 3.120900164946e-01
1.3200000000 2.874699395822e-01 4.314787199423e-01 3.116451098256e-01
1.3300000000 2.918003015461e-01 4.345929211845e-01 3.111941236541e-01
1.3400000000 2.961617828715e-01 4.377025820832e-01 3.107370378380e-01
1.3500000000 3.005543378497e-01 4.408076415442e-01 3.102738329440e-01
1.3600000000 3.049779201601e-01 4.439080382826e-01 3.098044902548e-01
1.3700000000 3.094324828682e-01 4.470037108299e-01 3.093289917760e-01
1.3800000000 3.139179784240e-01 4.500945975411e-01 3.088473202426e-01
1.3900000000 3.184343586603e-01 4.531806366026e-01 3.083594591257e-01
1.4000000000 3.229815747907e-01 4.562617660390e-01 3.078653926390e-01
1.4100000000 3.275595774086e-01 4.593379237206e-01 3.073651057454e-01
1.4200000000 3.321683164851e-01 4.624090473715e-01 3.068585841635e-01
1.4300000000 3.368077413680e-01 4.654750745764e-01 3.063458143735e-01
1.4400000000 3.414778007801e-01 4.685359427889e-01 3.058267836234e-01
1.4500000000 3.461784428183e-01 4.715915893389e-01 3.053014799356e-01
1.4600000000 3.509096149521e-01 4.746419514404e-01 3.047698921123e-01
1.4700000000 3.556712640227e-01 4.776869661992e-01 3.042320097417e-01
1.4800000000 3.604633362417e-01 4.807265706212e-01 3.036878232035e-01
1.4900000000 3.652857771905e-01 4.837607016199e-01 3.031373236749e-01
1.5000000000 3.701385318189e-01 4.867892960245e-01 3.025805031358e-01
1.5100000000 3.750215444449e-01 4.898122905884e-01 3.020173543743e-01
1.5200000000 3.799347587535e-01 4.928296219965e-01 3.014478709923e-01
1.5300000000 3.848781177965e-01 4.958412268741e-01 3.008720474101e-01
1.5400000000 3.898515639912e-01 4.988470417947e-01 3.002898788718e-01
1.5500000000 3.948550391210e-01 5.018470032884e-01 2.997013614503e-01
1.5600000000 3.998884843340e-01 5.048410478503e-01 2.991064920520e-01
1.5700000000 4.049518401432e-01 5.078291119485e-01 2.985052684210e-01
1.5800000000 4.100450464263e-01 5.108111320331e-01 2.978976891444e-01
1.5900000000 4.151680424253e-01 5.137870445439e-01 2.972837536562e-01
1.6000000000 4.203207667468e-01 5.167567859196e-01 2.966634622413e-01
1.6100000000 4.255031573615e-01 5.197202926060e-01 2.960368160401e-01
1.6200000000 4.307151516049e-01 5.226775010643e-01 2.954038170522e-01
1.6300000000 4.359566861770e-01 5.256283477805e-01 2.947644681400e-01
1.6400000000 4.412276971431e-01 5.285727692730e-01 2.941187730327e-01
1.6500000000 4.465281199337e-01 5.315107021023e-01 2.934667363293e-01
1.6600000000 4.518578893451e-01 5.344420828790e-01 2.928083635024e-01
1.6700000000 4.572169395400e-01 5.373668482730e-01 2.921436609009e-01
1.6800000000 4.626052040484e-01 5.402849350217e-01 2.914726357534e-01
1.6900000000 4.680226157678e-01 5.431962799398e-01 2.907952961705e-01
1.7000000000 4.734691069642e-01 5.461008199269e-01 2.901116511481e-01
1.7100000000 4.789446092732e-01 5.489984919774e-01 2.894217105692e-01
1.7200000000 4.844490537010e-01 5.518892331888e-01 2.887254852067e-01
1.7300000000 4.899823706249e-01 5.547729807710e-01 2.880229867254e-01
1.7400000000 4.955444897954e-01 5.576496720546e-01 2.873142276838e-01
1.7500000000 5.011353403366e-01 5.605192445008e-01 2.865992215359e-01
1.7600000000 5.067548507480e-01 5.633816357094e-01 2.858779826330e-01
1.7700000000 5.124029489059e-01 5.662367834283e-01 2.851505262249e-01
1.7800000000 5.180795620647e-01 5.690846255625e-01 2.844168684611e-01
1.7900000000 5.237846168588e-01 5.719251001830e-01 2.836770263920e-01
1.8000000000 5.295180393042e-01 5.747581455357e-01 2.829310179697e-01
1.8100000000 5.352797548001e-01 5.775837000506e-01 2.821788620483e-01
1.8200000000 5.410696881312e-01 5.804017023507e-01 2.814205783850e-01
1.8300000000 5.468877634692e-01 5.832120912612e-01 2.806561876397e-01
1.8400000000 5.527339043752e-01 5.860148058183e-01 2.798857113756e-01
1.8500000000 5.586080338019e-01 5.888097852783e-01 2.791091720586e-01
1.8600000000 5.645100740955e-01 5.915969691270e-01 2.783265930573e-01
1.8700000000 5.704399469982e-01 5.943762970880e-01 2.775379986424e-01
1.8800000000 5.763975736509e-01 5.971477091322e-01 2.767434139858e-01
1.8900000000 5.823828745952e-01 5.999111454870e-01 2.759428651597e-01
1.9000000000 5.883957697766e-01 6.026665466446e-01 2.751363791357e-01
1.9100000000 5.944361785467e-01 6.054138533717e-01 2.743239837831e-01
1.9200000000 6.005040196662e-01 6.081530067182e-01 2.735057078675e-01
1.9300000000 6.065992113076e-01 6.108839480259e-01 2.726815810490e-01
1.9400000000 6.127216710587e-01 6.136066189379e-01 2.718516338802e-01
1.9500000000 6.188713159249e-01 6.163209614070e-01 2.710158978042e-01
1.9600000000 6.250480623330e-01 6.190269177052e-01 2.701744051518e-01
1.9700000000 6.312518261338e-01 6.217244304320e-01 2.693271891393e-01
1.9800000000 6.374825226062e-01 6.244134425236e-01 2.684742838652e-01
1.9900000000 6.437400664598e-01 6.270938972616e-01 2.676157243076e-01
2.0000000000 6.500243718390e-01 6.297657382815e-01 2.667515463208e-01
2.0100000000 6.563353523264e-01 6.324289095821e-01 2.658817866317e-01
2.0200000000 6.626729209462e-01 6.350833555336e-01 2.650064828362e-01
2.0300000000 6.690369901684e-01 6.377290208866e-01 2.641256733953e-01
2.0400000000 6.754274719124e-01 6.403658507803e-01 2.632393976311e-01
2.0500000000 6.818442775509e-01 6.429937907519e-01 2.623476957221e-01
2.0600000000 6.882873179142e-01 6.456127867442e-01 2.614506086990e-01
2.0700000000 6.947565032937e-01 6.482227851149e-01 2.605481784399e-01
2.0800000000 7.012517434470e-01 6.508237326445e-01 2.596404476651e-01
2.0900000000 7.077729476012e-01 6.534155765449e-01 2.587274599321e-01
2.1000000000 7.143200244580e-01 6.559982644677e-01 2.578092596302e-01
2.1100000000 7.208928821976e-01 6.585717445128e-01 2.568858919746e-01
2.1200000000 7.274914284838e-01 6.611359652360e-01 2.559574030009e-01
2.1300000000 7.341155704680e-01 6.636908756578e-01 2.550238395589e-01
2.1400000000 7.407652147943e-01 6.662364252710e-01 2.540852493062e-01
2.1500000000 7.474402676040e-01 6.687725640493e-01 2.531416807021e-01
2.1600000000 7.541406345407e-01 6.712992424546e-01 2.521931830004e-01
2.1700000000 7.608662207550e-01 6.738164114456e-01 2.512398062428e-01
2.1800000000 7.676169309097e-01 6.763240224852e-01 2.502816012518e-01
2.1900000000 7.743926691848e-01 6.788220275484e-01 2.493186196235e-01
2.2000000000 7.811933392824e-01 6.813103791299e-01 2.483509137194e-01
2.2100000000 7.880188444325e-01 6.837890302521e-01 2.473785366597e-01
2.2200000000 7.948690873978e-01 6.862579344720e-01 2.464015423145e-01
2.2300000000 8.017439704792e-01 6.887170458893e-01 2.454199852959e-01
2.2400000000 8.086433955217e-01 6.911663191534e-01 2.444339209501e-01
2.2500000000 8.155672639191e-01 6.936057094707e-01 2.434434053482e-01
2.2600000000 8.225154766205e-01 6.960351726120e-01 2.424484952777e-01
2.2700000000 8.294879341353e-01 6.984546649195e-01 2.414492482338e-01
2.2800000000 8.364845365392e-01 7.008641433139e-01 2.404457224099e-01
2.2900000000 8.435051834802e-01 7.032635653012e-01 2.394379766885e-01
2.3000000000 8.505497741841e-01 7.056528889797e-01 2.384260706316e-01
2.3100000000 8.576182074610e-01 7.080320730467e-01 2.374100644711e-01
2.3200000000 8.647103817107e-01 7.104010768050e-01 2.363900190986e-01
2.3300000000 8.718261949291e-01 7.127598601696e-01 2.353659960558e-01
2.3400000000 8.789655447145e-01 7.151083836743e-01 2.343380575237e-01
2.3500000000 8.861283282736e-01 7.174466084777e-01 2.333062663126e-01
2.3600000000 8.933144424277e-01 7.197744963696e-01 2.322706858512e-01
2.3700000000 9.005237836193e-01 7.220920097772e-01 2.312313801761e-01
2.3800000000 9.077562479185e-01 7.243991117711e-01 2.301884139203e-01
2.3900000000 9.150117310291e-01 7.266957660710e-01 2.291418523028e-01
2.4000000000 9.222901282955e-01 7.289819370518e-01 2.280917611167e-01
2.4100000000 9.295913347092e-01 7.312575897491e-01 2.270382067180e-01
2.4200000000 9.369152449152e-01 7.335226898650e-01 2.259812560137e-01
2.4300000000 9.442617532191e-01 7.357772037731e-01 2.249209764507e-01
2.4400000000 9.516307535934e-01 7.380210985243e-01 2.238574360029e-01
2.4500000000 9.590221396848e-01 7.402543418517e-01 2.227907031601e-01
2.4600000000 9.664358048204e-01 7.424769021760e-01 2.217208469147e-01
2.4700000000 9.738716420153e-01 7.446887486102e-01 2.206479367505e-01
2.4800000000 9.813295439790e-01 7.468898509644e-01 2.195720426291e-01
2.4900000000 9.888094031227e-01 7.490801797509e-01 2.184932349780e-01
2.5000000000 9.963111115662e-01 7.512597061883e-01 2.174115846774e-01
2.5100000000 1.003834561145e+00 7.534284022066e-01 2.163271630475e-01
2.5200000000 1.011379643418e+00 7.555862404506e-01 2.152400418351e-01
2.5300000000 1.018946249673e+00 7.577331942851e-01 2.141502932011e-01
2.5400000000 1.026534270936e+00 7.598692377983e-01 2.130579897064e-01
2.5500000000 1.034143597977e+00 7.619943458061e-01 2.119632042990e-01
2.5600000000 1.041774121319e+00 7.641084938555e-01 2.108660103005e-01
2.5700000000 1.049425731242e+00 7.662116582289e-01 2.097664813921e-01
2.5800000000 1.057098317794e+00 7.683038159470e-01 2.086646916014e-01
2.5900000000 1.064791770798e+00 7.703849447724e-01 2.075607152880e-01
2.6000000000 1.072505979855e+00 7.724550232132e-01 2.064546271300e-01
2.6100000000 1.080240834358e+00 7.745140305254e-01 2.053465021098e-01
2.6200000000 1.087996223495e+00 7.765619467167e-01 2.042364155002e-01
2.6300000000 1.095772036258e+00 7.785987525485e-01 2.031244428497e-01
2.6400000000 1.103568161450e+00 7.806244295395e-01 2.020106599690e-01
2.6500000000 1.111384487693e+00 7.826389599672e-01 2.008951429161e-01
2.6600000000 1.119220903437e+00 7.846423268714e-01 1.997779679819e-01
2.6700000000 1.127077296965e+00 7.866345140555e-01 1.986592116762e-01
2.6800000000 1.134953556401e+00 7.886155060893e-01 1.975389507126e-01
2.6900000000 1.142849569721e+00 7.905852883105e-01 1.964172619944e-01
2.7000000000 1.150765224755e+00 7.925438468269e-01 1.952942225995e-01
2.7100000000 1.158700409201e+00 7.944911685177e-01 1.941699097661e-01
2.7200000000 1.166655010628e+00 7.964272410353e-01 1.930444008778e-01
2.7300000000 1.174628916486e+00 7.983520528067e-01 1.919177734489e-01
2.7400000000 1.182622014113e+00 8.002655930345e-01 1.907901051096e-01
2.7500000000 1.190634190742e+00 8.021678516982e-01 1.896614735910e-01
2.7600000000 1.198665333510e+00 8.040588195550e-01 1.885319567104e-01
2.7700000000 1.206715329468e+00 8.059384881407e-01 1.874016323566e-01
2.7800000000 1.214784065583e+00 8.078068497703e-01 1.862705784748e-01
2.7900000000 1.222871428751e+00 8.096638975384e-01 1.851388730515e-01
2.8000000000 1.230977305801e+00 8.115096253195e-01 1.840065941002e-01
2.8100000000 1.239101583506e+00 8.133440277686e-01 1.828738196459e-01
2.8200000000 1.247244148590e+00 8.151671003208e-01 1.817406277105e-01
2.8300000000 1.255404887734e+00 8.169788391912e-01 1.806070962980e-01
2.8400000000 1.263583687585e+00 8.187792413750e-01 1.794733033794e-01
2.8500000000 1.271780434765e+00 8.205683046468e-01 1.783393268780e-01
2.8600000000 1.279995015876e+00 8.223460275601e-01 1.772052446544e-01
2.8700000000 1.288227317512e+00 8.241124094467e-01 1.760711344920e-01
2.8800000000 1.296477226262e+00 8.258674504157e-01 1.749370740819e-01
2.8900000000 1.304744628721e+00 8.276111513527e-01 1.738031410084e-01
2.9000000000 1.313029411495e+00 8.293435139185e-01 1.726694127343e-01
2.9100000000 1.321331461213e+00 8.310645405478e-01 1.715359665860e-01
2.9200000000 1.329650664530e+00 8.327742344478e-01 1.704028797392e-01
2.9300000000 1.337986908139e+00 8.344725995969e-01 1.692702292043e-01
2.9400000000 1.346340078775e+00 8.361596407423e-01 1.681380918119e-01
2.9500000000 1.354710063226e+00 8.378353633990e-01 1.670065441983e-01
2.9600000000 1.363096748336e+00 8.394997738469e-01 1.658756627912e-01
2.9700000000 1.371500021019e+00 8.411528791295e-01 1.647455237956e-01
2.9800000000 1.379919768261e+00 8.427946870507e-01 1.636162031795e-01
2.9900000000 1.388355877130e+00 8.444252061733e-01 1.624877766596e-01
3.0000000000 1.396808234786e+00 8.460444458157e-01 1.613603196877e-01
3.0100000000 1.405276728482e+00 8.476524160495e-01 1.602339074363e-01
3.0200000000 1.413761245578e+00 8.492491276964e-01 1.591086147851e-01
3.0300000000 1.422261673546e+00 8.508345923257e-01 1.579845163074e-01
3.0400000000 1.430777899976e+00 8.524088222506e-01 1.568616862558e-01
3.0500000000 1.439309812585e+00 8.539718305253e-01 1.557401985497e-01
3.0600000000 1.447857299227e+00 8.555236309413e-01 1.546201267608e-01
3.0700000000 1.456420247893e+00 8.570642380242e-01 1.535015441008e-01
3.0800000000 1.464998546727e+00 8.585936670298e-01 1.523845234075e-01
3.0900000000 1.473592084027e+00 8.601119339404e-01 1.512691371322e-01
3.1000000000 1.482200748254e+00 8.616190554607e-01 1.501554573266e-01
3.1100000000 1.490824428043e+00 8.631150490139e-01 1.490435556301e-01
3.1200000000 1.499463012202e+00 8.645999327377e-01 1.479335032570e-01
3.1300000000 1.508116389727e+00 8.660737254794e-01 1.468253709843e-01
3.1400000000 1.516784449807e+00 8.675364467921e-01 1.457192291391e-01
3.1500000000 1.525467081826e+00 8.689881169298e-01 1.446151475866e-01
3.1600000000 1.534164175378e+00 8.704287568428e-01 1.435131957176e-01
3.1700000000 1.542875620268e+00 8.718583881727e-01 1.424134424372e-01
3.1800000000 1.551601306520e+00 8.732770332481e-01 1.413159561526e-01
3.1900000000 1.560341124388e+00 8.746847150788e-01 1.402208047619e-01
3.2000000000 1.569094964357e+00 8.760814573509e-01 1.391280556422e-01
3.2100000000 1.577862717151e+00 8.774672844220e-01 1.380377756389e-01
3.2200000000 1.586644273745e+00 8.788422213151e-01 1.369500310541e-01
3.2300000000 1.595439525363e+00 8.802062937136e-01 1.358648876360e-01
3.2400000000 1.604248363492e+00 8.815595279556e-01 1.347824105684e-01
3.2500000000 1.613070679885e+00 8.829019510281e-01 1.337026644595e-01
3.2600000000 1.621906366567e+00 8.842335905614e-01 1.326257133322e-01
3.2700000000 1.630755315845e+00 8.855544748228e-01 1.315516206134e-01
3.2800000000 1.639617420309e+00 8.868646327111e-01 1.304804491245e-01
3.2900000000 1.648492572843e+00 8.881640937501e-01 1.294122610713e-01
3.3000000000 1.657380666628e+00 8.894528880825e-01 1.283471180343e-01
3.3100000000 1.666281595152e+00 8.907310464639e-01 1.272850809596e-01
3.3200000000 1.675195252209e+00 8.919986002559e-01 1.262262101496e-01
3.3300000000 1.684121531915e+00 8.932555814200e-01 1.251705652537e-01
3.3400000000 1.693060328704e+00 8.945020225107e-01 1.241182052601e-01
3.3500000000 1.702011537342e+00 8.957379566692e-01 1.230691884866e-01
3.3600000000 1.710975052927e+00 8.969634176166e-01 1.220235725725e-01
3.3700000000 1.719950770898e+00 8.981784396467e-01 1.209814144703e-01
3.3800000000 1.728938587039e+00 8.993830576195e-01 1.199427704378e-01
3.3900000000 1.737938397488e+00 9.005773069542e-01 1.189076960305e-01
3.4000000000 1.746950098736e+00 9.017612236217e-01 1.178762460938e-01
3.4100000000 1.755973587640e+00 9.029348441380e-01 1.168484747555e-01
3.4200000000 1.765008761422e+00 9.040982055568e-01 1.158244354194e-01
3.4300000000 1.774055517679e+00 9.052513454620e-01 1.148041807574e-01
3.4400000000 1.783113754387e+00 9.063943019606e-01 1.137877627039e-01
3.4500000000 1.792183369903e+00 9.075271136754e-01 1.127752324485e-01
3.4600000000 1.801264262975e+00 9.086498197371e-01 1.117666404300e-01
3.4700000000 1.810356332744e+00 9.097624597771e-01 1.107620363306e-01
3.4800000000 1.819459478751e+00 9.108650739198e-01 1.097614690700e-01
3.4900000000 1.828573600938e+00 9.119577027751e-01 1.087649867997e-01
3.5000000000 1.837698599659e+00 9.130403874303e-01 1.077726368977e-01
3.5100000000 1.846834375678e+00 9.141131694429e-01 1.067844659637e-01
3.5200000000 1.855980830179e+00 9.151760908322e-01 1.058005198136e-01
3.5300000000 1.865137864768e+00 9.162291940719e-01 1.048208434754e-01
3.5400000000 1.874305381477e+00 9.172725220819e-01 1.038454811845e-01
3.5500000000 1.883483282770e+00 9.183061182205e-01 1.028744763796e-01
3.5600000000 1.892671471547e+00 9.193300262765e-01 1.019078716986e-01
3.5700000000 1.901869851149e+00 9.203442904610e-01 1.009457089749e-01
3.5800000000 1.911078325359e+00 9.213489553993e-01 9.998802923381e-02
3.5900000000 1.920296798410e+00 9.223440661230e-01 9.903487268950e-02
3.6000000000 1.929525174986e+00 9.233296680617e-01 9.808627874158e-02
3.6100000000 1.938763360228e+00 9.243058070350e-01 9.714228597245e-02
3.6200000000 1.948011259737e+00 9.252725292443e-01 9.620293214463e-02
3.6300000000 1.957268779579e+00 9.262298812642e-01 9.526825419838e-02
3.6400000000 1.966535826285e+00 9.271779100349e-01 9.433828824951e-02
3.6500000000 1.975812306860e+00 9.281166628534e-01 9.341306958743e-02
3.6600000000 1.985098128781e+00 9.290461873658e-01 9.249263267347e-02
3.6700000000 1.994393200006e+00 9.299665315582e-01 9.157701113929e-02
3.6800000000 2.003697428973e+00 9.308777437491e-01 9.066623778570e-02
3.6900000000 2.013010724604e+00 9.317798725810e-01 8.976034458153e-02
3.7000000000 2.022332996310e+00 9.326729670117e-01 8.885936266281e-02
3.7100000000 2.031664153993e+00 9.335570763062e-01 8.796332233218e-02
3.7200000000 2.041004108051e+00 9.344322500285e-01 8.707225305844e-02
3.7300000000 2.050352769375e+00 9.352985380330e-01 8.618618347639e-02
3.7400000000 2.059710049360e+00 9.361559904563e-01 8.530514138685e-02
3.7500000000 2.069075859900e+00 9.370046577089e-01 8.442915375691e-02
3.7600000000 2.078450113399e+00 9.378445904667e-01 8.355824672037e-02
3.7700000000 2.087832722765e+00 9.386758396629e-01 8.269244557841e-02
3.7800000000 2.097223601418e+00 9.394984564795e-01 8.183177480046e-02
3.7900000000 2.106622663291e+00 9.403124923389e-01 8.097625802528e-02
3.8000000000 2.116029822833e+00 9.411179988960e-01 8.012591806224e-02
3.8100000000 2.125444995011e+00 9.419150280294e-01 7.928077689279e-02
3.8200000000 2.134868095310e+00 9.427036318336e-01 7.844085567218e-02
3.8300000000 2.144299039738e+00 9.434838626104e-01 7.760617473133e-02
3.8400000000 2.153737744827e+00 9.442557728608e-01 7.677675357890e-02
3.8500000000 2.163184127636e+00 9.450194152769e-01 7.595261090359e-02
3.8600000000 2.172638105749e+00 9.457748427334e-01 7.513376457658e-02
3.8700000000 2.182099597284e+00 9.465221082797e-01 7.432023165424e-02
3.8800000000 2.191568520886e+00 9.472612651319e-01 7.351202838091e-02
3.8900000000 2.201044795736e+00 9.479923666642e-01 7.270917019200e-02
3.9000000000 2.210528341547e+00 9.487154664014e-01 7.191167171718e-02
3.9100000000 2.220019078570e+00 9.494306180104e-01 7.111954678376e-02
3.9200000000 2.229516927593e+00 9.501378752923e-01 7.033280842029e-02
3.9300000000 2.239021809941e+00 9.508372921747e-01 6.955146886032e-02
3.9400000000 2.248533647482e+00 9.515289227036e-01 6.877553954629e-02
3.9500000000 2.258052362622e+00 9.522128210353e-01 6.800503113367e-02
3.9600000000 2.267577878310e+00 9.528890414288e-01 6.723995349518e-02
3.9700000000 2.277110118038e+00 9.535576382380e-01 6.648031572526e-02
3.9800000000 2.286649005844e+00 9.542186659039e-01 6.572612614461e-02
3.9900000000 2.296194466308e+00 9.548721789466e-01 6.497739230499e-02
4.0000000000 2.305746424556e+00 9.555182319583e-01 6.423412099410e-02
4.0100000000 2.315304806262e+00 9.561568795950e-01 6.349631824064e-02
4.0200000000 2.324869537646e+00 9.567881765692e-01 6.276398931951e-02
4.0300000000 2.334440545474e+00 9.574121776425e-01 6.203713875720e-02
4.0400000000 2.344017757062e+00 9.580289376181e-01 6.131577033726e-02
4.0500000000 2.353601100273e+00 9.586385113332e-01 6.059988710597e-02
4.0600000000 2.363190503518e+00 9.592409536518e-01 5.988949137807e-02
4.0700000000 2.372785895757e+00 9.598363194576e-01 5.918458474275e-02
4.0800000000 2.382387206502e+00 9.604246636465e-01 5.848516806964e-02
4.0900000000 2.391994365808e+00 9.610060411193e-01 5.779124151502e-02
4.1000000000 2.401607304285e+00 9.615805067753e-01 5.710280452812e-02
4.1100000000 2.411225953087e+00 9.621481155042e-01 5.641985585751e-02
4.1200000000 2.420850243921e+00 9.627089221802e-01 5.574239355772e-02
4.1300000000 2.430480109040e+00 9.632629816544e-01 5.507041499582e-02
4.1400000000 2.440115481247e+00 9.638103487481e-01 5.440391685825e-02
4.1500000000 2.449756293890e+00 9.643510782463e-01 5.374289515770e-02
4.1600000000 2.459402480869e+00 9.648852248905e-01 5.308734524008e-02
4.1700000000 2.469053976628e+00 9.654128433726e-01 5.243726179161e-02
4.1800000000 2.478710716158e+00 9.659339883279e-01 5.179263884607e-02
4.1900000000 2.488372634998e+00 9.664487143290e-01 5.115346979201e-02
4.2000000000 2.498039669230e+00 9.669570758791e-01 5.051974738020e-02
4.2100000000 2.507711755482e+00 9.674591274058e-01 4.989146373110e-02
4.2200000000 2.517388830926e+00 9.679549232545e-01 4.926861034236e-02
4.2300000000 2.527070833276e+00 9.684445176830e-01 4.865117809656e-02
4.2400000000 2.536757700789e+00 9.689279648544e-01 4.803915726884e-02
4.2500000000 2.546449372263e+00 9.694053188319e-01 4.743253753479e-02
4.2600000000 2.556145787035e+00 9.698766335723e-01 4.683130797827e-02
4.2700000000 2.565846884983e+00 9.703419629203e-01 4.623545709937e-02
4.2800000000 2.575552606521e+00 9.708013606029e-01 4.564497282243e-02
4.2900000000 2.585262892602e+00 9.712548802232e-01 4.505984250413e-02
4.3000000000 2.594977684711e+00 9.717025752554e-01 4.448005294159e-02
4.3100000000 2.604696924869e+00 9.721444990386e-01 4.390559038062e-02
4.3200000000 2.614420555631e+00 9.725807047719e-01 4.333644052393e-02
4.3300000000 2.624148520082e+00 9.730112455085e-01 4.277258853945e-02
4.3400000000 2.633880761835e+00 9.734361741509e-01 4.221401906865e-02
4.3500000000 2.643617225034e+00 9.738555434453e-01 4.166071623500e-02
4.3600000000 2.653357854348e+00 9.742694059764e-01 4.111266365234e-02
4.3700000000 2.663102594972e+00 9.746778141627e-01 4.056984443337e-02
4.3800000000 2.672851392624e+00 9.750808202515e-01 4.003224119819e-02
4.3900000000 2.682604193544e+00 9.754784763136e-01 3.949983608281e-02
4.4000000000 2.692360944490e+00 9.758708342390e-01 3.897261074773e-02
4.4100000000 2.702121592741e+00 9.762579457317e-01 3.845054638652e-02
4.4200000000 2.711886086089e+00 9.766398623056e-01 3.793362373450e-02
4.4300000000 2.721654372842e+00 9.770166352796e-01 3.742182307728e-02
4.4400000000 2.731426401820e+00 9.773883157732e-01 3.691512425953e-02
4.4500000000 2.741202122352e+00 9.777549547022e-01 3.641350669354e-02
4.4600000000 2.750981484278e+00 9.781166027744e-01 3.591694936801e-02
4.4700000000 2.760764437940e+00 9.784733104855e-01 3.542543085663e-02
4.4800000000 2.770550934187e+00 9.788251281147e-01 3.493892932688e-02
4.4900000000 2.780340924369e+00 9.791721057210e-01 3.445742254865e-02
4.5000000000 2.790134360334e+00 9.795142931393e-01 3.398088790299e-02
4.5100000000 2.799931194430e+00 9.798517399761e-01 3.350930239076e-02
4.5200000000 2.809731379497e+00 9.801844956062e-01 3.304264264137e-02
4.5300000000 2.819534868869e+00 9.805126091689e-01 3.258088492143e-02
4.5400000000 2.829341616370e+00 9.808361295643e-01 3.212400514341e-02
4.5500000000 2.839151576312e+00 9.811551054500e-01 3.167197887433e-02
4.5600000000 2.848964703492e+00 9.814695852374e-01 3.122478134438e-02
4.5700000000 2.858780953190e+00 9.817796170889e-01 3.078238745555e-02
4.5800000000 2.868600281167e+00 9.820852489138e-01 3.034477179023e-02
4.5900000000 2.878422643661e+00 9.823865283662e-01 2.991190861978e-02
4.6000000000 2.888247997385e+00 9.826835028410e-01 2.948377191309e-02
4.6100000000 2.898076299525e+00 9.829762194714e-01 2.906033534510e-02
4.6200000000 2.907907507738e+00 9.832647251261e-01 2.864157230530e-02
4.6300000000 2.917741580146e+00 9.835490664062e-01 2.822745590619e-02
4.6400000000 2.927578475339e+00 9.838292896424e-01 2.781795899168e-02
4.6500000000 2.937418152366e+00 9.841054408928e-01 2.741305414550e-02
4.6600000000 2.947260570736e+00 9.843775659398e-01 2.701271369957e-02
4.6700000000 2.957105690416e+00 9.846457102882e-01 2.661690974223e-02
4.6800000000 2.966953471824e+00 9.849099191623e-01 2.622561412659e-02
4.6900000000 2.976803875831e+00 9.851702375038e-01 2.583879847870e-02
4.7000000000 2.986656863755e+00 9.854267099697e-01 2.545643420572e-02
4.7100000000 2.996512397359e+00 9.856793809297e-01 2.507849250403e-02
4.7200000000 3.006370438849e+00 9.859282944648e-01 2.470494436734e-02
4.7300000000 3.016230950870e+00 9.861734943648e-01 2.433576059464e-02
4.7400000000 3.026093896502e+00 9.864150241265e-01 2.397091179824e-02
4.7500000000 3.035959239262e+00 9.866529269520e-01 2.361036841157e-02
4.7600000000 3.045826943095e+00 9.868872457468e-01 2.325410069712e-02
4.7700000000 3.055696972373e+00 9.871180231183e-01 2.290207875415e-02
4.7800000000 3.065569291894e+00 9.873453013741e-01 2.255427252646e-02
4.7900000000 3.075443866877e+00 9.875691225204e-01 2.221065181001e-02
4.8000000000 3.085320662960e+00 9.877895282607e-01 2.187118626052e-02
4.8100000000 3.095199646195e+00 9.880065599944e-01 2.153584540104e-02
4.8200000000 3.105080783050e+00 9.882202588155e-01 2.120459862931e-02
4.8300000000 3.114964040398e+00 9.884306655114e-01 2.087741522526e-02
4.8400000000 3.124849385521e+00 9.886378205617e-01 2.055426435823e-02
4.8500000000 3.134736786105e+00 9.888417641371e-01 2.023511509427e-02
4.8600000000 3.144626210232e+00 9.890425360986e-01 1.991993640331e-02
4.8700000000 3.154517626386e+00 9.892401759965e-01 1.960869716622e-02
4.8800000000 3.164411003443e+00 9.894347230693e-01 1.930136618187e-02
4.8900000000 3.174306310668e+00 9.896262162432e-01 1.899791217404e-02
4.9000000000 3.184203517717e+00 9.898146941314e-01 1.869830379833e-02
4.9100000000 3.194102594628e+00 9.900001950331e-01 1.840250964889e-02
4.9200000000 3.204003511821e+00 9.901827569334e-01 1.811049826518e-02
4.9300000000 3.213906240096e+00 9.903624175025e-01 1.782223813855e-02
4.9400000000 3.223810750625e+00 9.905392140951e-01 1.753769771884e-02
4.9500000000 3.233717014954e+00 9.907131837504e-01 1.725684542078e-02
4.9600000000 3.243625004999e+00 9.908843631917e-01 1.697964963041e-02
4.9700000000 3.253534693039e+00 9.910527888258e-01 1.670607871136e-02
4.9800000000 3.263446051717e+00 9.912184967431e-01 1.643610101107e-02
4.9900000000 3.273359054034e+00 9.913815227177e-01 1.616968486690e-02
5.0000000000 3.283273673350e+00 9.915419022066e-01 1.590679861216e-02
5.0100000000 3.293189883374e+00 9.916996703505e-01 1.564741058210e-02
5.0200000000 3.303107658168e+00 9.918548619733e-01 1.539148911973e-02
5.0300000000 3.313026972140e+00 9.920075115825e-01 1.513900258162e-02
5.0400000000 3.322947800041e+00 9.921576533691e-01 1.488991934358e-02
5.0500000000 3.332870116961e+00 9.923053212082e-01 1.464420780626e-02
5.0600000000 3.342793898331e+00 9.924505486588e-01 1.440183640066e-02
5.0700000000 3.352719119911e+00 9.925933689647e-01 1.416277359355e-02
5.0800000000 3.362645757796e+00 9.927338150542e-01 1.392698789280e-02
5.0900000000 3.372573788407e+00 9.928719195413e-01 1.369444785261e-02
5.1000000000 3.382503188489e+00 9.930077147253e-01 1.346512207869e-02
5.1100000000 3.392433935110e+00 9.931412325924e-01 1.323897923329e-02
5.1200000000 3.402366005656e+00 9.932725048154e-01 1.301598804017e-02
5.1300000000 3.412299377826e+00 9.934015627545e-01 1.279611728949e-02
5.1400000000 3.422234029633e+00 9.935284374587e-01 1.257933584261e-02
5.1500000000 3.432169939400e+00 9.936531596654e-01 1.236561263675e-02
5.1600000000 3.442107085753e+00 9.937757598021e-01 1.215491668962e-02
5.1700000000 3.452045447623e+00 9.938962679869e-01 1.194721710394e-02
5.1800000000 3.461985004239e+00 9.940147140292e-01 1.174248307183e-02
5.1900000000 3.471925735128e+00 9.941311274309e-01 1.154068387919e-02
5.2000000000 3.481867620110e+00 9.942455373874e-01 1.134178890990e-02
5.2100000000 3.491810639294e+00 9.943579727880e-01 1.114576765001e-02
5.2200000000 3.501754773079e+00 9.944684622179e-01 1.095258969176e-02
5.2300000000 3.511700002147e+00 9.945770339584e-01 1.076222473758e-02
5.2400000000 3.521646307460e+00 9.946837159885e-01 1.057464260395e-02
5.2500000000 3.531593670260e+00 9.947885359861e-01 1.038981322522e-02
5.2600000000 3.541542072064e+00 9.948915213289e-01 1.020770665729e-02
5.2700000000 3.551491494661e+00 9.949926990958e-01 1.002829308123e-02
5.2800000000 3.561441920110e+00 9.950920960680e-01 9.851542806801e-03
5.2900000000 3.571393330735e+00 9.951897387309e-01 9.677426275887e-03
5.3000000000 3.581345709124e+00 9.952856532745e-01 9.505914065858e-03
5.3100000000 3.591299038126e+00 9.953798655955e-01 9.336976892817e-03
5.3200000000 3.601253300848e+00 9.954724012985e-01 9.170585614780e-03
5.3300000000 3.611208480648e+00 9.955632856973e-01 9.006711234759e-03
5.3400000000 3.621164561141e+00 9.956525438165e-01 8.845324903767e-03
5.3500000000 3.631121526186e+00 9.957402003931e-01 8.686397923731e-03
5.3600000000 3.641079359892e+00 9.958262798775e-01 8.529901750324e-03
5.3700000000 3.651038046607e+00 9.959108064360e-01 8.375807995709e-03
5.3800000000 3.660997570924e+00 9.959938039513e-01 8.224088431203e-03
5.3900000000 3.670957917668e+00 9.960752960248e-01 8.074714989856e-03
5.4000000000 3.680919071904e+00 9.961553059783e-01 7.927659768947e-03
5.4100000000 3.690881018924e+00 9.962338568550e-01 7.782895032399e-03
5.4200000000 3.700843744253e+00 9.963109714219e-01 7.640393213113e-03
5.4300000000 3.710807233640e+00 9.963866721709e-01 7.500126915218e-03
5.4400000000 3.720771473058e+00 9.964609813210e-01 7.362068916247e-03
5.4500000000 3.730736448701e+00 9.965339208199e-01 7.226192169229e-03
5.4600000000 3.740702146982e+00 9.966055123455e-01 7.092469804708e-03
5.4700000000 3.750668554526e+00 9.966757773081e-01 6.960875132673e-03
5.4800000000 3.760635658176e+00 9.967447368520e-01 6.831381644427e-03
5.4900000000 3.770603444982e+00 9.968124118571e-01 6.703963014367e-03
5.5000000000 3.780571902201e+00 9.968788229412e-01 6.578593101695e-03
5.5100000000 3.790541017296e+00 9.969439904615e-01 6.455245952052e-03
5.5200000000 3.800510777932e+00 9.970079345167e-01 6.333895799081e-03
5.5300000000 3.810481171974e+00 9.970706749487e-01 6.214517065913e-03
5.5400000000 3.820452187484e+00 9.971322313447e-01 6.097084366586e-03
5.5500000000 3.830423812719e+00 9.971926230387e-01 5.981572507388e-03
5.5600000000 3.840396036126e+00 9.972518691142e-01 5.867956488131e-03
5.5700000000 3.850368846345e+00 9.973099884051e-01 5.756211503361e-03
5.5800000000 3.860342232200e+00 9.973669994988e-01 5.646312943492e-03
5.5900000000 3.870316182702e+00 9.974229207372e-01 5.538236395874e-03
5.6000000000 3.880290687043e+00 9.974777702193e-01 5.431957645797e-03
5.6100000000 3.890265734594e+00 9.975315658026e-01 5.327452677431e-03
5.6200000000 3.900241314905e+00 9.975843251059e-01 5.224697674692e-03
5.6300000000 3.910217417700e+00 9.976360655105e-01 5.123669022054e-03
5.6400000000 3.920194032876e+00 9.976868041627e-01 5.024343305293e-03
5.6500000000 3.930171150500e+00 9.977365579755e-01 4.926697312170e-03
5.6600000000 3.940148760808e+00 9.977853436312e-01 4.830708033050e-03
5.6700000000 3.950126854200e+00 9.978331775824e-01 4.736352661468e-03
5.6800000000 3.960105421242e+00 9.978800760553e-01 4.643608594627e-03
5.6900000000 3.970084452657e+00 9.979260550505e-01 4.552453433842e-03
5.7000000000 3.980063939330e+00 9.979711303462e-01 4.462864984930e-03
5.7100000000 3.990043872303e+00 9.980153174992e-01 4.374821258534e-03
5.7200000000 4.000024242771e+00 9.980586318477e-01 4.288300470404e-03
5.7300000000 4.010005042081e+00 9.981010885130e-01 4.203281041611e-03
5.7400000000 4.019986261732e+00 9.981427024017e-01 4.119741598715e-03
5.7500000000 4.029967893369e+00 9.981834882076e-01 4.037660973882e-03
5.7600000000 4.039949928784e+00 9.982234604139e-01 3.957018204942e-03
5.7700000000 4.049932359913e+00 9.982626332952e-01 3.877792535402e-03
5.7800000000 4.059915178833e+00 9.983010209196e-01 3.799963414406e-03
5.7900000000 4.069898377760e+00 9.983386371507e-01 3.723510496651e-03
5.8000000000 4.079881949050e+00 9.983754956497e-01 3.648413642251e-03
5.8100000000 4.089865885192e+00 9.984116098772e-01 3.574652916553e-03
5.8200000000 4.099850178811e+00 9.984469930959e-01 3.502208589913e-03
5.8300000000 4.109834822661e+00 9.984816583718e-01 3.431061137421e-03
5.8400000000 4.119819809628e+00 9.985156185770e-01 3.361191238585e-03
5.8500000000 4.129805132725e+00 9.985488863913e-01 3.292579776972e-03
5.8600000000 4.139790785090e+00 9.985814743042e-01 3.225207839808e-03
5.8700000000 4.149776759986e+00 9.986133946173e-01 3.159056717530e-03
5.8800000000 4.159763050797e+00 9.986446594461e-01 3.094107903309e-03
5.8900000000 4.169749651029e+00 9.986752807220e-01 3.030343092527e-03
5.9000000000 4.179736554306e+00 9.987052701942e-01 2.967744182212e-03
5.9100000000 4.189723754366e+00 9.987346394322e-01 2.906293270445e-03
5.9200000000 4.199711245065e+00 9.987633998272e-01 2.845972655724e-03
5.9300000000 4.209699020371e+00 9.987915625945e-01 2.786764836292e-03
5.9400000000 4.219687074362e+00 9.988191387754e-01 2.728652509435e-03
5.9500000000 4.229675401227e+00 9.988461392392e-01 2.671618570745e-03
5.9600000000 4.239663995263e+00 9.988725746850e-01 2.615646113343e-03
5.9700000000 4.249652850872e+00 9.988984556439e-01 2.560718427080e-03
5.9800000000 4.259641962562e+00 9.989237924810e-01 2.506818997704e-03
5.9900000000 4.269631324942e+00 9.989485953969e-01 2.453931505990e-03
6.0000000000 4.279620932724e+00 9.989728744304e-01 2.402039826852e-03
6.0100000000 4.289610780718e+00 9.989966394596e-01 2.351128028414e-03
6.0200000000 4.299600863832e+00 9.990199002047e-01 2.301180371068e-03
6.0300000000 4.309591177073e+00 9.990426662289e-01 2.252181306488e-03
6.0400000000 4.319581715539e+00 9.990649469415e-01 2.204115476634e-03
6.0500000000 4.329572474425e+00 9.990867515986e-01 2.156967712722e-03
6.0600000000 4.339563449015e+00 9.991080893059e-01 2.110723034169e-03
6.0700000000 4.349554634684e+00 9.991289690202e-01 2.065366647520e-03
6.0800000000 4.359546026898e+00 9.991493995511e-01 2.020883945350e-03
6.0900000000 4.369537621207e+00 9.991693895632e-01 1.977260505140e-03
6.1000000000 4.379529413249e+00 9.991889475778e-01 1.934482088137e-03
6.1100000000 4.389521398747e+00 9.992080819747e-01 1.892534638195e-03
6.1200000000 4.399513573504e+00 9.992268009941e-01 1.851404280588e-03
6.1300000000 4.409505933409e+00 9.992451127383e-01 1.811077320814e-03
6.1400000000 4.419498474428e+00 9.992630251734e-01 1.771540243373e-03
6.1500000000 4.429491192608e+00 9.992805461315e-01 1.732779710535e-03
6.1600000000 4.439484084071e+00 9.992976833121e-01 1.694782561086e-03
6.1700000000 4.449477145020e+00 9.993144442840e-01 1.657535809055e-03
6.1800000000 4.459470371728e+00 9.993308364869e-01 1.621026642441e-03
6.1900000000 4.469463760545e+00 9.993468672333e-01 1.585242421904e-03
6.2000000000 4.479457307892e+00 9.993625437101e-01 1.550170679459e-03
6.2100000000 4.489451010262e+00 9.993778729807e-01 1.515799117153e-03
6.2200000000 4.499444864217e+00 9.993928619859e-01 1.482115605721e-03
6.2300000000 4.509438866390e+00 9.994075175464e-01 1.449108183242e-03
6.2400000000 4.519433013479e+00 9.994218463638e-01 1.416765053781e-03
6.2500000000 4.529427302250e+00 9.994358550229e-01 1.385074586009e-03
6.2600000000 4.539421729534e+00 9.994495499928e-01 1.354025311834e-03
6.2700000000 4.549416292225e+00 9.994629376287e-01 1.323605925002e-03
6.2800000000 4.559410987283e+00 9.994760241737e-01 1.293805279704e-03
6.2900000000 4.569405811726e+00 9.994888157601e-01 1.264612389168e-03
6.3000000000 4.579400762635e+00 9.995013184111e-01 1.236016424244e-03
6.3100000000 4.589395837151e+00 9.995135380427e-01 1.208006711984e-03
6.3200000000 4.599391032472e+00 9.995254804644e-01 1.180572734217e-03
6.3300000000 4.609386345855e+00 9.995371513818e-01 1.153704126114e-03
6.3400000000 4.619381774613e+00 9.995485563974e-01 1.127390674749e-03
6.3500000000 4.629377316115e+00 9.995597010122e-01 1.101622317660e-03
6.3600000000 4.639372967783e+00 9.995705906276e-01 1.076389141399e-03
6.3700000000 4.649368727095e+00 9.995812305464e-01 1.051681380083e-03
6.3800000000 4.659364591579e+00 9.995916259745e-01 1.027489413942e-03
6.3900000000 4.669360558817e+00 9.996017820223e-01 1.003803767859e-03
6.4000000000 4.679356626439e+00 9.996117037064e-01 9.806151099167e-04
6.4100000000 4.689352792126e+00 9.996213959505e-01 9.579142499335e-04
6.4200000000 4.699349053609e+00 9.996308635872e-01 9.356921380051e-04
6.4300000000 4.709345408665e+00 9.996401113593e-01 9.139398630417e-04
6.4400000000 4.719341855119e+00 9.996491439212e-01 8.926486513063e-04
6.4500000000 4.729338390841e+00 9.996579658403e-01 8.718098649526e-04
6.4600000000 4.739335013748e+00 9.996665815982e-01 8.514150005641e-04
6.4700000000 4.749331721801e+00 9.996749955921e-01 8.314556876932e-04
6.4800000000 4.759328513002e+00 9.996832121363e-01 8.119236874027e-04
6.4900000000 4.769325385399e+00 9.996912354632e-01 7.928108908087e-04
6.5000000000 4.779322337081e+00 9.996990697248e-01 7.741093176255e-04
6.5100000000 4.789319366177e+00 9.997067189940e-01 7.558111147132e-04
6.5200000000 4.799316470858e+00 9.997141872659e-01 7.379085546282e-04
6.5300000000 4.809313649332e+00 9.997214784586e-01 7.203940341770e-04
6.5400000000 4.819310899850e+00 9.997285964150e-01 7.032600729739e-04
6.5500000000 4.829308220696e+00 9.997355449040e-01 6.864993120020e-04
6.5600000000 4.839305610195e+00 9.997423276211e-01 6.701045121787e-04
6.5700000000 4.849303066708e+00 9.997489481903e-01 6.540685529267e-04
6.5800000000 4.859300588630e+00 9.997554101649e-01 6.383844307485e-04
6.5900000000 4.869298174394e+00 9.997617170287e-01 6.230452578070e-04
6.6000000000 4.879295822465e+00 9.997678721972e-01 6.080442605116e-04
6.6100000000 4.889293531344e+00 9.997738790189e-01 5.933747781096e-04
6.6200000000 4.899291299562e+00 9.997797407760e-01 5.790302612842e-04
6.6300000000 4.909289125686e+00 9.997854606858e-01 5.650042707587e-04
6.6400000000 4.919287008314e+00 9.997910419020e-01 5.512904759071e-04
6.6500000000 4.929284946072e+00 9.997964875152e-01 5.378826533715e-04
6.6600000000 4.939282937622e+00 9.998018005545e-01 5.247746856869e-04
6.6700000000 4.949280981651e+00 9.998069839884e-01 5.119605599136e-04
6.6800000000 4.959279076879e+00 9.998120407255e-01 4.994343662758e-04
6.6900000000 4.969277222053e+00 9.998169736161e-01 4.871902968097e-04
6.7000000000 4.979275415948e+00 9.998217854528e-01 4.752226440184e-04
6.7100000000 4.989273657368e+00 9.998264789716e-01 4.635257995355e-04
6.7200000000 4.999271945142e+00 9.998310568530e-01 4.520942527966e-04
6.7300000000 5.009270278128e+00 9.998355217229e-01 4.409225897200e-04
6.7400000000 5.019268655209e+00 9.998398761533e-01 4.300054913956e-04
6.7500000000 5.029267075292e+00 9.998441226638e-01 4.193377327827e-04
6.7600000000 5.039265537310e+00 9.998482637220e-01 4.089141814177e-04
6.7700000000 5.049264040223e+00 9.998523017446e-01 3.987297961295e-04
6.7800000000 5.059262583010e+00 9.998562390986e-01 3.887796257658e-04
6.7900000000 5.069261164677e+00 9.998600781016e-01 3.790588079282e-04
6.8000000000 5.079259784251e+00 9.998638210233e-01 3.695625677167e-04
6.8100000000 5.089258440784e+00 9.998674700859e-01 3.602862164844e-04
6.8200000000 5.099257133348e+00 9.998710274652e-01 3.512251506024e-04
6.8300000000 5.109255861035e+00 9.998744952914e-01 3.423748502338e-04
6.8400000000 5.119254622962e+00 9.998778756500e-01 3.337308781189e-04
6.8500000000 5.129253418263e+00 9.998811705822e-01 3.252888783694e-04
6.8600000000 5.139252246095e+00 9.998843820865e-01 3.170445752744e-04
6.8700000000 5.149251105634e+00 9.998875121187e-01 3.089937721155e-04
6.8800000000 5.159249996073e+00 9.998905625932e-01 3.011323499935e-04
6.8900000000 5.169248916626e+00 9.998935353835e-01 2.934562666647e-04
6.9000000000 5.179247866527e+00 9.998964323230e-01 2.859615553883e-04
6.9100000000 5.189246845026e+00 9.998992552061e-01 2.786443237852e-04
6.9200000000 5.199245851391e+00 9.999020057884e-01 2.715007527062e-04
6.9300000000 5.209244884907e+00 9.999046857875e-01 2.645270951126e-04
6.9400000000 5.219243944877e+00 9.999072968844e-01 2.577196749661e-04
6.9500000000 5.229243030620e+00 9.999098407231e-01 2.510748861314e-04
6.9600000000 5.239242141472e+00 9.999123189124e-01 2.445891912882e-04
6.9700000000 5.249241276785e+00 9.999147330257e-01 2.382591208552e-04
6.9800000000 5.259240435924e+00 9.999170846022e-01 2.320812719252e-04
6.9900000000 5.269239618273e+00 9.999193751474e-01 2.260523072104e-04
7.0000000000 5.279238823229e+00 9.999216061337e-01 2.201689540002e-04
7.0100000000 5.289238050202e+00 9.999237790011e-01 2.144280031287e-04
7.0200000000 5.299237298620e+00 9.999258951579e-01 2.088263079546e-04
7.0300000000 5.309236567921e+00 9.999279559811e-01 2.033607833515e-04
7.0400000000 5.319235857559e+00 9.999299628173e-01 1.980284047095e-04
7.0500000000 5.329235167002e+00 9.999319169831e-01 1.928262069484e-04
7.0600000000 5.339234495728e+00 9.999338197657e-01 1.877512835416e-04
7.0700000000 5.349233843230e+00 9.999356724235e-01 1.828007855513e-04
7.0800000000 5.359233209013e+00 9.999374761868e-01 1.779719206750e-04
7.0900000000 5.369232592595e+00 9.999392322582e-01 1.732619523031e-04
7.1000000000 5.379231993504e+00 9.999409418133e-01 1.686681985878e-04
7.1100000000 5.389231411280e+00 9.999426060008e-01 1.641880315224e-04
7.1200000000 5.399230845476e+00 9.999442259439e-01 1.598188760330e-04
7.1300000000 5.409230295655e+00 9.999458027399e-01 1.555582090799e-04
7.1400000000 5.419229761391e+00 9.999473374615e-01 1.514035587711e-04
7.1500000000 5.429229242267e+00 9.999488311564e-01 1.473525034858e-04
7.1600000000 5.439228737880e+00 9.999502848489e-01 1.434026710103e-04
7.1700000000 5.449228247834e+00 9.999516995395e-01 1.395517376834e-04
7.1800000000 5.459227771744e+00 9.999530762057e-01 1.357974275533e-04
7.1900000000 5.469227309235e+00 9.999544158027e-01 1.321375115458e-04
7.2000000000 5.479226859940e+00 9.999557192633e-01 1.285698066423e-04
7.2100000000 5.489226423503e+00 9.999569874990e-01 1.250921750697e-04
7.2200000000 5.499225999576e+00 9.999582214001e-01 1.217025235002e-04
7.2300000000 5.509225587819e+00 9.999594218359e-01 1.183988022617e-04
7.2400000000 5.519225187904e+00 9.999605896558e-01 1.151790045599e-04
7.2500000000 5.529224799506e+00 9.999617256892e-01 1.120411657093e-04
7.2600000000 5.539224422314e+00 9.999628307459e-01 1.089833623763e-04
7.2700000000 5.549224056021e+00 9.999639056169e-01 1.060037118315e-04
7.2800000000 5.559223700328e+00 9.999649510745e-01 1.031003712131e-04
7.2900000000 5.569223354947e+00 9.999659678727e-01 1.002715368003e-04
7.3000000000 5.579223019593e+00 9.999669567477e-01 9.751544329702e-05
7.3100000000 5.589222693991e+00 9.999679184183e-01 9.483036312563e-05
7.3200000000 5.599222377873e+00 9.999688535860e-01 9.221460573111e-05
7.3300000000 5.609222070977e+00 9.999697629359e-01 8.966651689488e-05
7.3400000000 5.619221773048e+00 9.999706471365e-01 8.718447805878e-05
7.3500000000 5.629221483838e+00 9.999715068404e-01 8.476690565888e-05
7.3600000000 5.639221203105e+00 9.999723426843e-01 8.241225046906e-05
7.3700000000 5.649220930614e+00 9.999731552900e-01 8.011899695438e-05
7.3800000000 5.659220666135e+00 9.999739452640e-01 7.788566263397e-05
7.3900000000 5.669220409446e+00 9.999747131982e-01 7.571079745368e-05
7.4000000000 5.679220160328e+00 9.999754596701e-01 7.359298316800e-05
7.4100000000 5.689219918570e+00 9.999761852434e-01 7.153083273152e-05
7.4200000000 5.699219683965e+00 9.999768904678e-01 6.952298969970e-05
7.4300000000 5.709219456313e+00 9.999775758798e-01 6.756812763880e-05
7.4400000000 5.719219235418e+00 9.999782420026e-01 6.566494954505e-05
7.4500000000 5.729219021090e+00 9.999788893468e-01 6.381218727283e-05
7.4600000000 5.739218813144e+00 9.999795184103e-01 6.200860097182e-05
7.4700000000 5.749218611399e+00 9.999801296787e-01 6.025297853314e-05
7.4800000000 5.759218415680e+00 9.999807236257e-01 5.854413504417e-05
7.4900000000 5.769218225816e+00 9.999813007134e-01 5.688091225217e-05
7.5000000000 5.779218041640e+00 9.999818613923e-01 5.526217803650e-05
7.5100000000 5.789217862990e+00 9.999824061016e-01 5.368682588942e-05
7.5200000000 5.799217689710e+00 9.999829352698e-01 5.215377440528e-05
7.5300000000 5.809217521645e+00 9.999834493146e-01 5.066196677812e-05
7.5400000000 5.819217358647e+00 9.999839486432e-01 4.921037030754e-05
7.5500000000 5.829217200570e+00 9.999844336526e-01 4.779797591273e-05
7.5600000000 5.839217047274e+00 9.999849047300e-01 4.642379765462e-05
7.5700000000 5.849216898620e+00 9.999853622527e-01 4.508687226603e-05
7.5800000000 5.859216754475e+00 9.999858065885e-01 4.378625868968e-05
7.5900000000 5.869216614709e+00 9.999862380959e-01 4.252103762411e-05
7.6000000000 5.879216479195e+00 9.999866571243e-01 4.129031107725e-05
7.6100000000 5.889216347811e+00 9.999870640142e-01 4.009320192768e-05
7.6200000000 5.899216220436e+00 9.999874590975e-01 3.892885349341e-05
7.6300000000 5.909216096954e+00 9.999878426976e-01 3.779642910810e-05
7.6400000000 5.919215977253e+00 9.999882151298e-01 3.669511170473e-05
7.6500000000 5.929215861221e+00 9.999885767009e-01 3.562410340641e-05
7.6600000000 5.939215748752e+00 9.999889277102e-01 3.458262512451e-05
7.6700000000 5.949215639741e+00 9.999892684493e-01 3.356991616380e-05
7.6800000000 5.959215534087e+00 9.999895992020e-01 3.258523383459e-05
7.6900000000 5.969215431692e+00 9.999899202450e-01 3.162785307184e-05
7.7000000000 5.979215332461e+00 9.999902318477e-01 3.069706606107e-05
7.7100000000 5.989215236299e+00 9.999905342726e-01 2.979218187096e-05
7.7200000000 5.999215143116e+00 9.999908277754e-01 2.891252609265e-05
7.7300000000 6.009215052825e+00 9.999911126050e-01 2.805744048556e-05
7.7400000000 6.019214965340e+00 9.999913890040e-01 2.722628262972e-05
7.7500000000 6.029214880578e+00 9.999916572084e-01 2.641842558442e-05
7.7600000000 6.039214798458e+00 9.999919174481e-01 2.563325755321e-05
7.7700000000 6.049214718901e+00 9.999921699471e-01 2.487018155502e-05
7.7800000000 6.059214641832e+00 9.999924149234e-01 2.412861510153e-05
7.7900000000 6.069214567175e+00 9.999926525892e-01 2.340798988041e-05
7.8000000000 6.079214494860e+00 9.999928831512e-01 2.270775144464e-05
7.8100000000 6.089214424815e+00 9.999931068104e-01 2.202735890763e-05
7.8200000000 6.099214356974e+00 9.999933237628e-01 2.136628464408e-05
7.8300000000 6.109214291269e+00 9.999935341988e-01 2.072401399659e-05
7.8400000000 6.119214227637e+00 9.999937383040e-01 2.010004498786e-05
7.8500000000 6.129214166015e+00 9.999939362591e-01 1.949388803841e-05
7.8600000000 6.139214106342e+00 9.999941282396e-01 1.890506568971e-05
7.8700000000 6.149214048560e+00 9.999943144166e-01 1.833311233269e-05
7.8800000000 6.159213992612e+00 9.999944949565e-01 1.777757394156e-05
7.8900000000 6.169213938441e+00 9.999946700213e-01 1.723800781279e-05
7.9000000000 6.179213885994e+00 9.999948397685e-01 1.671398230917e-05
7.9100000000 6.189213835219e+00 9.999950043514e-01 1.620507660900e-05
7.9200000000 6.199213786065e+00 9.999951639191e-01 1.571088046017e-05
7.9300000000 6.209213738481e+00 9.999953186167e-01 1.523099393908e-05
7.9400000000 6.219213692421e+00 9.999954685853e-01 1.476502721451e-05
7.9500000000 6.229213647838e+00 9.999956139623e-01 1.431260031604e-05
7.9600000000 6.239213604686e+00 9.999957548812e-01 1.387334290725e-05
7.9700000000 6.249213562921e+00 9.999958914719e-01 1.344689406341e-05
7.9800000000 6.259213522501e+00 9.999960238606e-01 1.303290205374e-05
7.9900000000 6.269213483384e+00 9.999961521703e-01 1.263102412803e-05
8.0000000000 6.279213445531e+00 9.999962765204e-01 1.224092630766e-05
8.0100000000 6.289213408902e+00 9.999963970270e-01 1.186228318089e-05
8.0200000000 6.299213373459e+00 9.999965138032e-01 1.149477770231e-05
8.0300000000 6.309213339166e+00 9.999966269587e-01 1.113810099655e-05
8.0400000000 6.319213305987e+00 9.999967366003e-01 1.079195216588e-05
8.0500000000 6.329213273887e+00 9.999968428318e-01 1.045603810201e-05
8.0600000000 6.339213242832e+00 9.999969457542e-01 1.013007330165e-05
8.0700000000 6.349213212791e+00 9.999970454655e-01 9.813779686008e-06
8.0800000000 6.359213183731e+00 9.999971420611e-01 9.506886424117e-06
8.0900000000 6.369213155622e+00 9.999972356337e-01 9.209129759814e-06
8.1000000000 6.379213128434e+00 9.999973262733e-01 8.920252842438e-06
8.1100000000 6.389213102138e+00 9.999974140675e-01 8.640005561108e-06
8.1200000000 6.399213076706e+00 9.999974991014e-01 8.368144382542e-06
8.1300000000 6.409213052111e+00 9.999975814576e-01 8.104432192347e-06
8.1400000000 6.419213028327e+00 9.999976612164e-01 7.848638139717e-06
8.1500000000 6.429213005327e+00 9.999977384560e-01 7.600537485489e-06
8.1600000000 6.439212983088e+00 9.999978132521e-01 7.359911453476e-06
8.1700000000 6.449212961584e+00 9.999978856784e-01 7.126547085038e-06
8.1800000000 6.459212940794e+00 9.999979558065e-01 6.900237096818e-06
8.1900000000 6.469212920693e+00 9.999980237060e-01 6.680779741588e-06
8.2000000000 6.479212901261e+00 9.999980894443e-01 6.467978672153e-06
8.2100000000 6.489212882475e+00 9.999981530871e-01 6.261642808250e-06
8.2200000000 6.499212864316e+00 9.999982146981e-01 6.061586206382e-06
8.2300000000 6.509212846762e+00 9.999982743392e-01 5.867627932548e-06
8.2400000000 6.519212829796e+00 9.999983320704e-01 5.679591937798e-06
8.2500000000 6.529212813398e+00 9.999983879502e-01 5.497306936561e-06
8.2600000000 6.539212797549e+00 9.999984420351e-01 5.320606287710e-06
8.2700000000 6.549212782233e+00 9.999984943804e-01 5.149327878283e-06
8.2800000000 6.559212767431e+00 9.999985450392e-01 4.983314009841e-06
8.2900000000 6.569212753128e+00 9.999985940637e-01 4.822411287381e-06
8.3000000000 6.579212739307e+00 9.999986415040e-01 4.666470510782e-06
8.3100000000 6.589212725953e+00 9.999986874091e-01 4.515346568713e-06
8.3200000000 6.599212713050e+00 9.999987318265e-01 4.368898334969e-06
8.3300000000 6.609212700585e+00 9.999987748022e-01 4.226988567173e-06
8.3400000000 6.619212688542e+00 9.999988163810e-01 4.089483807821e-06
8.3500000000 6.629212676908e+00 9.999988566062e-01 3.956254287591e-06
8.3600000000 6.639212665669e+00 9.999988955199e-01 3.827173830900e-06
8.3700000000 6.649212654814e+00 9.999989331631e-01 3.702119763647e-06
8.3800000000 6.659212644329e+00 9.999989695753e-01 3.580972823105e-06
8.3900000000 6.669212634201e+00 9.999990047952e-01 3.463617069910e-06
8.4000000000 6.679212624421e+00 9.999990388599e-01 3.349939802122e-06
8.4100000000 6.689212614975e+00 9.999990718058e-01 3.239831471294e-06
8.4200000000 6.699212605853e+00 9.999991036681e-01 3.133185600522e-06
8.4300000000 6.709212597045e+00 9.999991344808e-01 3.029898704433e-06
8.4400000000 6.719212588539e+00 9.999991642769e-01 2.929870211067e-06
8.4500000000 6.729212580327e+00 9.999991930887e-01 2.833002385618e-06
8.4600000000 6.739212572398e+00 9.999992209472e-01 2.739200255989e-06
8.4700000000 6.749212564743e+00 9.999992478826e-01 2.648371540133e-06
8.4800000000 6.759212557353e+00 9.999992739242e-01 2.560426575133e-06
8.4900000000 6.769212550218e+00 9.999992991005e-01 2.475278247990e-06
8.5000000000 6.779212543332e+00 9.999993234388e-01 2.392841928078e-06
8.5100000000 6.789212536684e+00 9.999993469661e-01 2.313035401235e-06
8.5200000000 6.799212530268e+00 9.999993697080e-01 2.235778805458e-06
8.5300000000 6.809212524076e+00 9.999993916899e-01 2.160994568152e-06
8.5400000000 6.819212518100e+00 9.999994129359e-01 2.088607344921e-06
8.5500000000 6.829212512332e+00 9.999994334698e-01 2.018543959853e-06
8.5600000000 6.839212506767e+00 9.999994533143e-01 1.950733347272e-06
8.5700000000 6.849212501397e+00 9.999994724917e-01 1.885106494921e-06
8.5800000000 6.859212496215e+00 9.999994910235e-01 1.821596388549e-06
8.5900000000 6.869212491215e+00 9.999995089305e-01 1.760137957875e-06
8.6000000000 6.879212486391e+00 9.999995262329e-01 1.700668023885e-06
8.6100000000 6.889212481738e+00 9.999995429503e-01 1.643125247445e-06
8.6200000000 6.899212477248e+00 9.999995591016e-01 1.587450079198e-06
8.6300000000 6.909212472918e+00 9.999995747053e-01 1.533584710716e-06
8.6400000000 6.919212468741e+00 9.999995897791e-01 1.481473026870e-06
8.6500000000 6.929212464712e+00 9.999996043404e-01 1.431060559412e-06
8.6600000000 6.939212460826e+00 9.999996184058e-01 1.382294441716e-06
8.6700000000 6.949212457078e+00 9.999996319916e-01 1.335123364673e-06
8.6800000000 6.959212453464e+00 9.999996451135e-01 1.289497533702e-06
8.6900000000 6.969212449979e+00 9.999996577866e-01 1.245368626853e-06
8.7000000000 6.979212446618e+00 9.999996700257e-01 1.202689753983e-06
8.7100000000 6.989212443378e+00 9.999996818450e-01 1.161415416971e-06
8.7200000000 6.999212440254e+00 9.999996932585e-01 1.121501470961e-06
8.7300000000 7.009212437242e+00 9.999997042795e-01 1.082905086594e-06
8.7400000000 7.019212434338e+00 9.999997149209e-01 1.045584713216e-06
8.7500000000 7.029212431539e+00 9.999997251953e-01 1.009500043042e-06
8.7600000000 7.039212428841e+00 9.999997351149e-01 9.746119762421e-07
8.7700000000 7.049212426240e+00 9.999997446914e-01 9.408825869392e-07
8.7800000000 7.059212423734e+00 9.999997539362e-01 9.082750900899e-07
8.7900000000 7.069212421318e+00 9.999997628605e-01 8.767538092331e-07
8.8000000000 7.079212418990e+00 9.999997714748e-01 8.462841450811e-07
8.8100000000 7.089212416746e+00 9.999997797896e-01 8.168325449367e-07
8.8200000000 7.099212414585e+00 9.999997878148e-01 7.883664729145e-07
8.8300000000 7.109212412502e+00 9.999997955601e-01 7.608543809485e-07
8.8400000000 7.119212410495e+00 9.999998030349e-01 7.342656805669e-07
8.8500000000 7.129212408562e+00 9.999998102484e-01 7.085707154145e-07
8.8600000000 7.139212406699e+00 9.999998172092e-01 6.837407345072e-07
8.8700000000 7.149212404905e+00 9.999998239260e-01 6.597478661979e-07
8.8800000000 7.159212403177e+00 9.999998304069e-01 6.365650928397e-07
8.8900000000 7.169212401512e+00 9.999998366599e-01 6.141662261260e-07
8.9000000000 7.179212399909e+00 9.999998426927e-01 5.925258830948e-07
8.9100000000 7.189212398366e+00 9.999998485129e-01 5.716194627772e-07
8.9200000000 7.199212396879e+00 9.999998541275e-01 5.514231234772e-07
8.9300000000 7.209212395447e+00 9.999998595436e-01 5.319137606660e-07
8.9400000000 7.219212394069e+00 9.999998647680e-01 5.130689854754e-07
8.9500000000 7.229212392742e+00 9.999998698071e-01 4.948671037759e-07
8.9600000000 7.239212391465e+00 9.999998746674e-01 4.772870958254e-07
8.9700000000 7.249212390235e+00 9.999998793549e-01 4.603085964732e-07
8.9800000000 7.259212389051e+00 9.999998838755e-01 4.439118759066e-07
8.9900000000 7.269212387912e+00 9.999998882350e-01 4.280778209254e-07
9.0000000000 7.279212386815e+00 9.999998924389e-01 4.127879167317e-07
9.0100000000 7.289212385760e+00 9.999998964925e-01 3.980242292224e-07
9.0200000000 7.299212384745e+00 9.999999004011e-01 3.837693877705e-07
9.0300000000 7.309212383768e+00 9.999999041695e-01 3.700065684838e-07
9.0400000000 7.319212382828e+00 9.999999078028e-01 3.567194779285e-07
9.0500000000 7.329212381923e+00 9.999999113055e-01 3.438923373059e-07
9.0600000000 7.339212381053e+00 9.999999146821e-01 3.315098670705e-07
9.0700000000 7.349212380217e+00 9.999999179371e-01 3.195572719784e-07
9.0800000000 7.359212379412e+00 9.999999210746e-01 3.080202265550e-07
9.0900000000 7.369212378638e+00 9.999999240988e-01 2.968848609702e-07
9.1000000000 7.379212377893e+00 9.999999270136e-01 2.861377473125e-07
9.1100000000 7.389212377178e+00 9.999999298228e-01 2.757658862495e-07
9.1200000000 7.399212376489e+00 9.999999325302e-01 2.657566940665e-07
9.1300000000 7.409212375828e+00 9.999999351391e-01 2.560979900721e-07
9.1400000000 7.419212375192e+00 9.999999376532e-01 2.467779843618e-07
9.1500000000 7.429212374581e+00 9.999999400758e-01 2.377852659305e-07
9.1600000000 7.439212373993e+00 9.999999424100e-01 2.291087911237e-07
9.1700000000 7.449212373429e+00 9.999999446590e-01 2.207378724197e-07
9.1800000000 7.459212372886e+00 9.999999468257e-01 2.126621675329e-07
9.1900000000 7.469212372365e+00 9.999999489132e-01 2.048716688306e-07
9.2000000000 7.479212371864e+00 9.999999509241e-01 1.973566930548e-07
9.2100000000 7.489212371383e+00 9.999999528612e-01 1.901078713400e-07
9.2200000000 7.499212370921e+00 9.999999547271e-01 1.831161395203e-07
9.2300000000 7.509212370477e+00 9.999999565244e-01 1.763727287176e-07
9.2400000000 7.519212370051e+00 9.999999582554e-01 1.698691562027e-07
9.2500000000 7.529212369642e+00 9.999999599225e-01 1.635972165230e-07
9.2600000000 7.539212369250e+00 9.999999615281e-01 1.575489728888e-07
9.2700000000 7.549212368873e+00 9.999999630742e-01 1.517167488120e-07
9.2800000000 7.559212368511e+00 9.999999645631e-01 1.460931199891e-07
9.2900000000 7.569212368164e+00 9.999999659967e-01 1.406709064233e-07
9.3000000000 7.579212367831e+00 9.999999673772e-01 1.354431647780e-07
9.3100000000 7.589212367511e+00 9.999999687062e-01 1.304031809561e-07
9.3200000000 7.599212367205e+00 9.999999699858e-01 1.255444628986e-07
9.3300000000 7.609212366911e+00 9.999999712177e-01 1.208607335966e-07
9.3400000000 7.619212366629e+00 9.999999724036e-01 1.163459243106e-07
9.3500000000 7.629212366359e+00 9.999999735452e-01 1.119941679914e-07
9.3600000000 7.639212366100e+00 9.999999746440e-01 1.077997928976e-07
9.3700000000 7.649212365851e+00 9.999999757017e-01 1.037573164031e-07
9.3800000000 7.659212365613e+00 9.999999767196e-01 9.986143899069e-08
9.3900000000 7.669212365386e+00 9.999999776994e-01 9.610703842539e-08
9.4000000000 7.679212365167e+00 9.999999786422e-01 9.248916410286e-08
9.4100000000 7.689212364958e+00 9.999999795496e-01 8.900303156832e-08
9.4200000000 7.699212364758e+00 9.999999804227e-01 8.564401720086e-08
9.4300000000 7.709212364567e+00 9.999999812629e-01 8.240765305839e-08
9.4400000000 7.719212364383e+00 9.999999820713e-01 7.928962187900e-08
9.4500000000 7.729212364208e+00 9.999999828490e-01 7.628575223406e-08
9.4600000000 7.739212364040e+00 9.999999835973e-01 7.339201382881e-08
9.4700000000 7.749212363880e+00 9.999999843172e-01 7.060451294628e-08
9.4800000000 7.759212363726e+00 9.999999850098e-01 6.791948803047e-08
9.4900000000 7.769212363580e+00 9.999999856760e-01 6.533330540473e-08
9.5000000000 7.779212363440e+00 9.999999863168e-01 6.284245512145e-08
9.5100000000 7.789212363306e+00 9.999999869331e-01 6.044354693949e-08
9.5200000000 7.799212363179e+00 9.999999875259e-01 5.813330642532e-08
9.5300000000 7.809212363057e+00 9.999999880961e-01 5.590857117470e-08
9.5400000000 7.819212362940e+00 9.999999886444e-01 5.376628715107e-08
9.5500000000 7.829212362829e+00 9.999999891717e-01 5.170350513746e-08
9.5600000000 7.839212362724e+00 9.999999896787e-01 4.971737729858e-08
9.5700000000 7.849212362623e+00 9.999999901663e-01 4.780515384985e-08
9.5800000000 7.859212362527e+00 9.999999906350e-01 4.596417983026e-08
9.5900000000 7.869212362436e+00 9.999999910858e-01 4.419189197602e-08
9.6000000000 7.879212362349e+00 9.999999915191e-01 4.248581569210e-08
9.6100000000 7.889212362266e+00 9.999999919357e-01 4.084356211863e-08
9.6200000000 7.899212362187e+00 9.999999923362e-01 3.926282528960e-08
9.6300000000 7.909212362113e+00 9.999999927211e-01 3.774137938085e-08
9.6400000000 7.919212362042e+00 9.999999930912e-01 3.627707604499e-08
9.6500000000 7.929212361974e+00 9.999999934469e-01 3.486784183044e-08
9.6600000000 7.939212361911e+00 9.999999937887e-01 3.351167568224e-08
9.6700000000 7.949212361850e+00 9.999999941173e-01 3.220664652209e-08
9.6800000000 7.959212361793e+00 9.999999944330e-01 3.095089090538e-08
9.6900000000 7.969212361739e+00 9.999999947365e-01 2.974261075273e-08
9.7000000000 7.979212361688e+00 9.999999950280e-01 2.858007115397e-08
9.7100000000 7.989212361639e+00 9.999999953082e-01 2.746159824229e-08
9.7200000000 7.999212361594e+00 9.999999955774e-01 2.638557713648e-08
9.7300000000 8.009212361551e+00 9.999999958361e-01 2.535044994916e-08
9.7400000000 8.019212361510e+00 9.999999960845e-01 2.435471385911e-08
9.7500000000 8.029212361472e+00 9.999999963233e-01 2.339691924558e-08
9.7600000000 8.039212361437e+00 9.999999965526e-01 2.247566788288e-08
9.7700000000 8.049212361403e+00 9.999999967729e-01 2.158961119333e-08
9.7800000000 8.059212361372e+00 9.999999969845e-01 2.073744855671e-08
9.7900000000 8.069212361343e+00 9.999999971878e-01 1.991792567466e-08
9.8000000000 8.079212361316e+00 9.999999973830e-01 1.912983298820e-08
9.8100000000 8.089212361291e+00 9.999999975705e-01 1.837200414681e-08
9.8200000000 8.099212361267e+00 9.999999977505e-01 1.764331452739e-08
9.8300000000 8.109212361246e+00 9.999999979234e-01 1.694267980177e-08
9.8400000000 8.119212361226e+00 9.999999980895e-01 1.626905455096e-08
9.8500000000 8.129212361207e+00 9.999999982489e-01 1.562143092500e-08
9.8600000000 8.139212361191e+00 9.999999984020e-01 1.499883734678e-08
9.8700000000 8.149212361176e+00 9.999999985489e-01 1.440033725859e-08
9.8800000000 8.159212361162e+00 9.999999986900e-01 1.382502790994e-08
9.8900000000 8.169212361149e+00 9.999999988255e-01 1.327203918553e-08
9.9000000000 8.179212361138e+00 9.999999989556e-01 1.274053247195e-08
9.9100000000 8.189212361128e+00 9.999999990804e-01 1.222969956202e-08
9.9200000000 8.199212361120e+00 9.999999992002e-01 1.173876159547e-08
9.9300000000 8.209212361112e+00 9.999999993152e-01 1.126696803494e-08
9.9400000000 8.219212361106e+00 9.999999994256e-01 1.081359567609e-08
9.9500000000 8.229212361101e+00 9.999999995316e-01 1.037794769078e-08
9.9600000000 8.239212361097e+00 9.999999996332e-01 9.959352702264e-09
9.9700000000 8.249212361094e+00 9.999999997308e-01 9.557163891425e-09
9.9800000000 8.259212361091e+00 9.999999998244e-01 9.170758132952e-09
9.9900000000 8.269212361090e+00 9.999999999143e-01 8.799535160634e-09
10.0000000000 8.279212361090e+00 1.000000000000e+00 8.442916760758e-09
10.0000000000 8.279212361090e+00 1.000000000000e+00 8.442916760752e-09
