# x y T
0.000000000000e+00 0.000000000000e+00 1.000000000000e+02
6.000000000000e-03 0.000000000000e+00 9.932309086569e+01
1.200000000000e-02 0.000000000000e+00 9.870076549103e+01
1.800000000000e-02 0.000000000000e+00 9.811379432438e+01
2.400000000000e-02 0.000000000000e+00 9.755941956829e+01
3.000000000000e-02 0.000000000000e+00 9.703698331596e+01
3.600000000000e-02 0.000000000000e+00 9.654618088214e+01
4.200000000000e-02 0.000000000000e+00 9.608678298798e+01
4.800000000000e-02 0.000000000000e+00 9.565858573526e+01
5.400000000000e-02 0.000000000000e+00 9.526140111963e+01
6.000000000000e-02 0.000000000000e+00 9.489505514878e+01
6.600000000000e-02 0.000000000000e+00 9.455938741803e+01
7.200000000000e-02 0.000000000000e+00 9.425425097091e+01
7.800000000000e-02 0.000000000000e+00 9.397951221969e+01
8.400000000000e-02 0.000000000000e+00 9.373505088225e+01
9.000000000000e-02 0.000000000000e+00 9.352075992713e+01
9.600000000000e-02 0.000000000000e+00 9.333654552489e+01
1.020000000000e-01 0.000000000000e+00 9.318232700563e+01
1.080000000000e-01 0.000000000000e+00 9.305803682260e+01
1.140000000000e-01 0.000000000000e+00 9.296362052172e+01
1.200000000000e-01 0.000000000000e+00 9.289903671719e+01

0.000000000000e+00 2.500000000000e-03 1.000000000000e+02
6.000000000000e-03 2.500000000000e-03 9.934101226443e+01
1.200000000000e-02 2.500000000000e-03 9.872016647415e+01
1.800000000000e-02 2.500000000000e-03 9.813325582964e+01
2.400000000000e-02 2.500000000000e-03 9.757876924970e+01
3.000000000000e-02 2.500000000000e-03 9.705620024705e+01
3.600000000000e-02 2.500000000000e-03 9.656526815892e+01
4.200000000000e-02 2.500000000000e-03 9.610574797859e+01
4.800000000000e-02 2.500000000000e-03 9.567743656873e+01
5.400000000000e-02 2.500000000000e-03 9.528014603058e+01
6.000000000000e-02 2.500000000000e-03 9.491370235522e+01
6.600000000000e-02 2.500000000000e-03 9.457794510076e+01
7.200000000000e-02 2.500000000000e-03 9.427272727251e+01
7.800000000000e-02 2.500000000000e-03 9.399791524713e+01
8.400000000000e-02 2.500000000000e-03 9.375338871035e+01
9.000000000000e-02 2.500000000000e-03 9.353904060204e+01
9.600000000000e-02 2.500000000000e-03 9.335477706762e+01
1.020000000000e-01 2.500000000000e-03 9.320051741560e+01
1.080000000000e-01 2.500000000000e-03 9.307619408115e+01
1.140000000000e-01 2.500000000000e-03 9.298175259561e+01
1.200000000000e-01 2.500000000000e-03 9.291715156213e+01

0.000000000000e+00 5.000000000000e-03 1.000000000000e+02
6.000000000000e-03 5.000000000000e-03 9.935231190482e+01
1.200000000000e-02 5.000000000000e-03 9.873367613862e+01
1.800000000000e-02 5.000000000000e-03 9.814708844795e+01
2.400000000000e-02 5.000000000000e-03 9.759257806531e+01
3.000000000000e-02 5.000000000000e-03 9.706992512537e+01
3.600000000000e-02 5.000000000000e-03 9.657890253045e+01
4.200000000000e-02 5.000000000000e-03 9.611929541120e+01
4.800000000000e-02 5.000000000000e-03 9.569090254184e+01
5.400000000000e-02 5.000000000000e-03 9.529353636289e+01
6.000000000000e-02 5.000000000000e-03 9.492702290442e+01
6.600000000000e-02 5.000000000000e-03 9.459120170775e+01
7.200000000000e-02 5.000000000000e-03 9.428592575269e+01
7.800000000000e-02 5.000000000000e-03 9.401106139084e+01
8.400000000000e-02 5.000000000000e-03 9.376648828495e+01
9.000000000000e-02 5.000000000000e-03 9.355209935441e+01
9.600000000000e-02 5.000000000000e-03 9.336780072667e+01
1.020000000000e-01 5.000000000000e-03 9.321351169479e+01
1.080000000000e-01 5.000000000000e-03 9.308916468098e+01
1.140000000000e-01 5.000000000000e-03 9.299470520620e+01
1.200000000000e-01 5.000000000000e-03 9.293009186566e+01

0.000000000000e+00 7.500000000000e-03 1.000000000000e+02
6.000000000000e-03 7.500000000000e-03 9.935856784520e+01
1.200000000000e-02 7.500000000000e-03 9.874162210071e+01
1.800000000000e-02 7.500000000000e-03 9.815535238000e+01
2.400000000000e-02 7.500000000000e-03 9.760085645501e+01
3.000000000000e-02 7.500000000000e-03 9.707815909128e+01
3.600000000000e-02 7.500000000000e-03 9.658708337713e+01
4.200000000000e-02 7.500000000000e-03 9.612742433429e+01
4.800000000000e-02 7.500000000000e-03 9.569898264415e+01
5.400000000000e-02 7.500000000000e-03 9.530157109933e+01
6.000000000000e-02 7.500000000000e-03 9.493501578204e+01
6.600000000000e-02 7.500000000000e-03 9.459915622903e+01
7.200000000000e-02 7.500000000000e-03 9.429384540583e+01
7.800000000000e-02 7.500000000000e-03 9.401894964915e+01
8.400000000000e-02 7.500000000000e-03 9.377434860794e+01
9.000000000000e-02 7.500000000000e-03 9.355993518926e+01
9.600000000000e-02 7.500000000000e-03 9.337561550972e+01
1.020000000000e-01 7.500000000000e-03 9.322130885310e+01
1.080000000000e-01 7.500000000000e-03 9.309694763382e+01
1.140000000000e-01 7.500000000000e-03 9.300247736656e+01
1.200000000000e-01 7.500000000000e-03 9.293785664179e+01

0.000000000000e+00 1.000000000000e-02 1.000000000000e+02
6.000000000000e-03 1.000000000000e-02 9.936057277973e+01
1.200000000000e-02 1.000000000000e-02 9.874424256378e+01
1.800000000000e-02 1.000000000000e-02 9.815810031877e+01
2.400000000000e-02 1.000000000000e-02 9.760361464110e+01
3.000000000000e-02 1.000000000000e-02 9.708090365421e+01
3.600000000000e-02 1.000000000000e-02 9.658981049111e+01
4.200000000000e-02 1.000000000000e-02 9.613013420890e+01
4.800000000000e-02 1.000000000000e-02 9.570167627553e+01
5.400000000000e-02 1.000000000000e-02 9.530424963067e+01
6.000000000000e-02 1.000000000000e-02 9.493768037963e+01
6.600000000000e-02 1.000000000000e-02 9.460180805861e+01
7.200000000000e-02 1.000000000000e-02 9.429648562852e+01
7.800000000000e-02 1.000000000000e-02 9.402157942100e+01
8.400000000000e-02 1.000000000000e-02 9.377696908038e+01
9.000000000000e-02 1.000000000000e-02 9.356254750949e+01
9.600000000000e-02 1.000000000000e-02 9.337822082129e+01
1.020000000000e-01 1.000000000000e-02 9.322390829640e+01
1.080000000000e-01 1.000000000000e-02 9.309954234660e+01
1.140000000000e-01 1.000000000000e-02 9.300506848446e+01
1.200000000000e-01 1.000000000000e-02 9.294044529885e+01

0.000000000000e+00 1.250000000000e-02 1.000000000000e+02
6.000000000000e-03 1.250000000000e-02 9.935856792469e+01
1.200000000000e-02 1.250000000000e-02 9.874162225912e+01
1.800000000000e-02 1.250000000000e-02 9.815535261626e+01
2.400000000000e-02 1.250000000000e-02 9.760085676756e+01
3.000000000000e-02 1.250000000000e-02 9.707815947811e+01
3.600000000000e-02 1.250000000000e-02 9.658708383574e+01
4.200000000000e-02 1.250000000000e-02 9.612742486177e+01
4.800000000000e-02 1.250000000000e-02 9.569898323713e+01
5.400000000000e-02 1.250000000000e-02 9.530157175405e+01
6.000000000000e-02 1.250000000000e-02 9.493501649436e+01
6.600000000000e-02 1.250000000000e-02 9.459915699445e+01
7.200000000000e-02 1.250000000000e-02 9.429384621952e+01
7.800000000000e-02 1.250000000000e-02 9.401895050599e+01
8.400000000000e-02 1.250000000000e-02 9.377434950255e+01
9.000000000000e-02 1.250000000000e-02 9.355993611601e+01
9.600000000000e-02 1.250000000000e-02 9.337561646282e+01
1.020000000000e-01 1.250000000000e-02 9.322130982657e+01
1.080000000000e-01 1.250000000000e-02 9.309694862157e+01
1.140000000000e-01 1.250000000000e-02 9.300247836242e+01
1.200000000000e-01 1.250000000000e-02 9.293785763954e+01

0.000000000000e+00 1.500000000000e-02 1.000000000000e+02
6.000000000000e-03 1.500000000000e-02 9.935231206378e+01
1.200000000000e-02 1.500000000000e-02 9.873367645539e+01
1.800000000000e-02 1.500000000000e-02 9.814708892041e+01
2.400000000000e-02 1.500000000000e-02 9.759257869035e+01
3.000000000000e-02 1.500000000000e-02 9.706992589894e+01
3.600000000000e-02 1.500000000000e-02 9.657890344759e+01
4.200000000000e-02 1.500000000000e-02 9.611929646603e+01
4.800000000000e-02 1.500000000000e-02 9.569090372767e+01
5.400000000000e-02 1.500000000000e-02 9.529353767218e+01
6.000000000000e-02 1.500000000000e-02 9.492702432889e+01
6.600000000000e-02 1.500000000000e-02 9.459120323841e+01
7.200000000000e-02 1.500000000000e-02 9.428592737988e+01
7.800000000000e-02 1.500000000000e-02 9.401106310432e+01
8.400000000000e-02 1.500000000000e-02 9.376649007396e+01
9.000000000000e-02 1.500000000000e-02 9.355210120772e+01
9.600000000000e-02 1.500000000000e-02 9.336780263265e+01
1.020000000000e-01 1.500000000000e-02 9.321351364150e+01
1.080000000000e-01 1.500000000000e-02 9.308916665626e+01
1.140000000000e-01 1.500000000000e-02 9.299470719769e+01
1.200000000000e-01 1.500000000000e-02 9.293009386093e+01

0.000000000000e+00 1.750000000000e-02 1.000000000000e+02
6.000000000000e-03 1.750000000000e-02 9.934101250283e+01
1.200000000000e-02 1.750000000000e-02 9.872016694922e+01
1.800000000000e-02 1.750000000000e-02 9.813325653819e+01
2.400000000000e-02 1.750000000000e-02 9.757877018708e+01
3.000000000000e-02 1.750000000000e-02 9.705620140718e+01
3.600000000000e-02 1.750000000000e-02 9.656526953436e+01
4.200000000000e-02 1.750000000000e-02 9.610574956054e+01
4.800000000000e-02 1.750000000000e-02 9.567743834713e+01
5.400000000000e-02 1.750000000000e-02 9.528014799414e+01
6.000000000000e-02 1.750000000000e-02 9.491370449152e+01
6.600000000000e-02 1.750000000000e-02 9.457794739631e+01
7.200000000000e-02 1.750000000000e-02 9.427272971283e+01
7.800000000000e-02 1.750000000000e-02 9.399791781687e+01
8.400000000000e-02 1.750000000000e-02 9.375339139336e+01
9.000000000000e-02 1.750000000000e-02 9.353904338147e+01
9.600000000000e-02 1.750000000000e-02 9.335477992604e+01
1.020000000000e-01 1.750000000000e-02 9.320052033512e+01
1.080000000000e-01 1.750000000000e-02 9.307619704350e+01
1.140000000000e-01 1.750000000000e-02 9.298175558228e+01
1.200000000000e-01 1.750000000000e-02 9.291715455447e+01

0.000000000000e+00 2.000000000000e-02 1.000000000000e+02
6.000000000000e-03 2.000000000000e-02 9.932309118347e+01
1.200000000000e-02 2.000000000000e-02 9.870076612428e+01
1.800000000000e-02 2.000000000000e-02 9.811379526886e+01
2.400000000000e-02 2.000000000000e-02 9.755942081779e+01
3.000000000000e-02 2.000000000000e-02 9.703698486240e+01
3.600000000000e-02 2.000000000000e-02 9.654618271557e+01
4.200000000000e-02 2.000000000000e-02 9.608678509669e+01
4.800000000000e-02 2.000000000000e-02 9.565858810583e+01
5.400000000000e-02 2.000000000000e-02 9.526140373701e+01
6.000000000000e-02 2.000000000000e-02 9.489505799642e+01
6.600000000000e-02 2.000000000000e-02 9.455939047794e+01
7.200000000000e-02 2.000000000000e-02 9.425425422381e+01
7.800000000000e-02 2.000000000000e-02 9.397951564509e+01
8.400000000000e-02 2.000000000000e-02 9.373505445864e+01
9.000000000000e-02 2.000000000000e-02 9.352076363205e+01
9.600000000000e-02 2.000000000000e-02 9.333654933510e+01
1.020000000000e-01 2.000000000000e-02 9.318233089729e+01
1.080000000000e-01 2.000000000000e-02 9.305804077135e+01
1.140000000000e-01 2.000000000000e-02 9.296362450288e+01
1.200000000000e-01 2.000000000000e-02 9.289904070591e+01

