# x y T
0.000000000000e+00 0.000000000000e+00 1.000000000000e+02
6.000000000000e-03 0.000000000000e+00 9.932315089122e+01
1.200000000000e-02 0.000000000000e+00 9.870088516946e+01
1.800000000000e-02 0.000000000000e+00 9.811397291078e+01
2.400000000000e-02 0.000000000000e+00 9.755965595000e+01
3.000000000000e-02 0.000000000000e+00 9.703727601960e+01
3.600000000000e-02 0.000000000000e+00 9.654652808275e+01
4.200000000000e-02 0.000000000000e+00 9.608718252044e+01
4.800000000000e-02 0.000000000000e+00 9.565903510778e+01
5.400000000000e-02 0.000000000000e+00 9.526189752930e+01
6.000000000000e-02 0.000000000000e+00 9.489559549910e+01
6.600000000000e-02 0.000000000000e+00 9.455996833818e+01
7.200000000000e-02 0.000000000000e+00 9.425486883684e+01
7.800000000000e-02 0.000000000000e+00 9.398016317671e+01
8.400000000000e-02 0.000000000000e+00 9.373573086913e+01
9.000000000000e-02 0.000000000000e+00 9.352146470142e+01
9.600000000000e-02 0.000000000000e+00 9.333727068941e+01
1.020000000000e-01 0.000000000000e+00 9.318306803595e+01
1.080000000000e-01 0.000000000000e+00 9.305878909526e+01
1.140000000000e-01 0.000000000000e+00 9.296437934309e+01
1.200000000000e-01 0.000000000000e+00 9.289979735281e+01

0.000000000000e+00 2.500000000000e-03 1.000000000000e+02
6.000000000000e-03 2.500000000000e-03 9.934107230689e+01
1.200000000000e-02 2.500000000000e-03 9.872028618621e+01
1.800000000000e-02 2.500000000000e-03 9.813343446603e+01
2.400000000000e-02 2.500000000000e-03 9.757900569734e+01
3.000000000000e-02 2.500000000000e-03 9.705649303203e+01
3.600000000000e-02 2.500000000000e-03 9.656561545567e+01
4.200000000000e-02 2.500000000000e-03 9.610614762127e+01
4.800000000000e-02 2.500000000000e-03 9.567788606478e+01
5.400000000000e-02 2.500000000000e-03 9.528064257622e+01
6.000000000000e-02 2.500000000000e-03 9.491424285300e+01
6.600000000000e-02 2.500000000000e-03 9.457852617887e+01
7.200000000000e-02 2.500000000000e-03 9.427334530582e+01
7.800000000000e-02 2.500000000000e-03 9.399856637986e+01
8.400000000000e-02 2.500000000000e-03 9.375406888011e+01
9.000000000000e-02 2.500000000000e-03 9.353974556517e+01
9.600000000000e-02 2.500000000000e-03 9.335550242573e+01
1.020000000000e-01 2.500000000000e-03 9.320125864303e+01
1.080000000000e-01 2.500000000000e-03 9.307694655316e+01
1.140000000000e-01 2.500000000000e-03 9.298251161734e+01
1.200000000000e-01 2.500000000000e-03 9.291791239784e+01

0.000000000000e+00 5.000000000000e-03 1.000000000000e+02
6.000000000000e-03 5.000000000000e-03 9.935237195957e+01
1.200000000000e-02 5.000000000000e-03 9.873379587506e+01
1.800000000000e-02 5.000000000000e-03 9.814726712055e+01
2.400000000000e-02 5.000000000000e-03 9.759281456064e+01
3.000000000000e-02 5.000000000000e-03 9.707021796910e+01
3.600000000000e-02 5.000000000000e-03 9.657924989655e+01
4.200000000000e-02 5.000000000000e-03 9.611969513328e+01
4.800000000000e-02 5.000000000000e-03 9.569135212674e+01
5.400000000000e-02 5.000000000000e-03 9.529403300619e+01
6.000000000000e-02 5.000000000000e-03 9.492756350796e+01
6.600000000000e-02 5.000000000000e-03 9.459178289898e+01
7.200000000000e-02 5.000000000000e-03 9.428654390571e+01
7.800000000000e-02 5.000000000000e-03 9.401171264905e+01
8.400000000000e-02 5.000000000000e-03 9.376716858511e+01
9.000000000000e-02 5.000000000000e-03 9.355280445201e+01
9.600000000000e-02 5.000000000000e-03 9.336852622244e+01
1.020000000000e-01 5.000000000000e-03 9.321425306215e+01
1.080000000000e-01 5.000000000000e-03 9.308991729432e+01
1.140000000000e-01 5.000000000000e-03 9.299546436975e+01
1.200000000000e-01 5.000000000000e-03 9.293085284279e+01

0.000000000000e+00 7.500000000000e-03 1.000000000000e+02
6.000000000000e-03 7.500000000000e-03 9.935862790760e+01
1.200000000000e-02 7.500000000000e-03 9.874174185230e+01
1.800000000000e-02 7.500000000000e-03 9.815553107502e+01
2.400000000000e-02 7.500000000000e-03 9.760109297978e+01
3.000000000000e-02 7.500000000000e-03 9.707845197117e+01
3.600000000000e-02 7.500000000000e-03 9.658743078576e+01
4.200000000000e-02 7.500000000000e-03 9.612782410493e+01
4.800000000000e-02 7.500000000000e-03 9.569943228322e+01
5.400000000000e-02 7.500000000000e-03 9.530206780197e+01
6.000000000000e-02 7.500000000000e-03 9.493555644964e+01
6.600000000000e-02 7.500000000000e-03 9.459973748856e+01
7.200000000000e-02 7.500000000000e-03 9.429446363089e+01
7.800000000000e-02 7.500000000000e-03 9.401960098260e+01
8.400000000000e-02 7.500000000000e-03 9.377502898603e+01
9.000000000000e-02 7.500000000000e-03 9.356064036694e+01
9.600000000000e-02 7.500000000000e-03 9.337634108718e+01
1.020000000000e-01 7.500000000000e-03 9.322205030321e+01
1.080000000000e-01 7.500000000000e-03 9.309770033044e+01
1.140000000000e-01 7.500000000000e-03 9.300323661337e+01
1.200000000000e-01 7.500000000000e-03 9.293861770165e+01

0.000000000000e+00 1.000000000000e-02 1.000000000000e+02
6.000000000000e-03 1.000000000000e-02 9.936063284516e+01
1.200000000000e-02 1.000000000000e-02 9.874436232128e+01
1.800000000000e-02 1.000000000000e-02 9.815827902242e+01
2.400000000000e-02 1.000000000000e-02 9.760385117706e+01
3.000000000000e-02 1.000000000000e-02 9.708119654766e+01
3.600000000000e-02 1.000000000000e-02 9.659015791549e+01
4.200000000000e-02 1.000000000000e-02 9.613053399726e+01
4.800000000000e-02 1.000000000000e-02 9.570212593407e+01
5.400000000000e-02 1.000000000000e-02 9.530474635434e+01
6.000000000000e-02 1.000000000000e-02 9.493822106958e+01
6.600000000000e-02 1.000000000000e-02 9.460238934160e+01
7.200000000000e-02 1.000000000000e-02 9.429710387791e+01
7.800000000000e-02 1.000000000000e-02 9.402223077947e+01
8.400000000000e-02 1.000000000000e-02 9.377764948392e+01
9.000000000000e-02 1.000000000000e-02 9.356325271286e+01
9.600000000000e-02 1.000000000000e-02 9.337894642448e+01
1.020000000000e-01 1.000000000000e-02 9.322464977208e+01
1.080000000000e-01 1.000000000000e-02 9.310029506845e+01
1.140000000000e-01 1.000000000000e-02 9.300582775599e+01
1.200000000000e-01 1.000000000000e-02 9.294120638275e+01

0.000000000000e+00 1.250000000000e-02 1.000000000000e+02
6.000000000000e-03 1.250000000000e-02 9.935862798850e+01
1.200000000000e-02 1.250000000000e-02 9.874174201328e+01
1.800000000000e-02 1.250000000000e-02 9.815553131475e+01
2.400000000000e-02 1.250000000000e-02 9.760109329646e+01
3.000000000000e-02 1.250000000000e-02 9.707845236253e+01
3.600000000000e-02 1.250000000000e-02 9.658743124906e+01
4.200000000000e-02 1.250000000000e-02 9.612782463700e+01
4.800000000000e-02 1.250000000000e-02 9.569943288047e+01
5.400000000000e-02 1.250000000000e-02 9.530206846043e+01
6.000000000000e-02 1.250000000000e-02 9.493555716496e+01
6.600000000000e-02 1.250000000000e-02 9.459973825605e+01
7.200000000000e-02 1.250000000000e-02 9.429446444557e+01
7.800000000000e-02 1.250000000000e-02 9.401960183921e+01
8.400000000000e-02 1.250000000000e-02 9.377502987907e+01
9.000000000000e-02 1.250000000000e-02 9.356064129069e+01
9.600000000000e-02 1.250000000000e-02 9.337634203577e+01
1.020000000000e-01 1.250000000000e-02 9.322205127064e+01
1.080000000000e-01 1.250000000000e-02 9.309770131060e+01
1.140000000000e-01 1.250000000000e-02 9.300323760011e+01
1.200000000000e-01 1.250000000000e-02 9.293861868878e+01

0.000000000000e+00 1.500000000000e-02 1.000000000000e+02
6.000000000000e-03 1.500000000000e-02 9.935237212135e+01
1.200000000000e-02 1.500000000000e-02 9.873379619698e+01
1.800000000000e-02 1.500000000000e-02 9.814726759996e+01
2.400000000000e-02 1.500000000000e-02 9.759281519394e+01
3.000000000000e-02 1.500000000000e-02 9.707021875173e+01
3.600000000000e-02 1.500000000000e-02 9.657925082304e+01
4.200000000000e-02 1.500000000000e-02 9.611969619730e+01
4.800000000000e-02 1.500000000000e-02 9.569135332111e+01
5.400000000000e-02 1.500000000000e-02 9.529403432295e+01
6.000000000000e-02 1.500000000000e-02 9.492756493843e+01
6.600000000000e-02 1.500000000000e-02 9.459178443380e+01
7.200000000000e-02 1.500000000000e-02 9.428654553490e+01
7.800000000000e-02 1.500000000000e-02 9.401171436208e+01
8.400000000000e-02 1.500000000000e-02 9.376717037098e+01
9.000000000000e-02 1.500000000000e-02 9.355280629931e+01
9.600000000000e-02 1.500000000000e-02 9.336852811941e+01
1.020000000000e-01 1.500000000000e-02 9.321425499679e+01
1.080000000000e-01 1.500000000000e-02 9.308991925442e+01
1.140000000000e-01 1.500000000000e-02 9.299546634300e+01
1.200000000000e-01 1.500000000000e-02 9.293085481684e+01

0.000000000000e+00 1.750000000000e-02 1.000000000000e+02
6.000000000000e-03 1.750000000000e-02 9.934107254952e+01
1.200000000000e-02 1.750000000000e-02 9.872028666900e+01
1.800000000000e-02 1.750000000000e-02 9.813343518502e+01
2.400000000000e-02 1.750000000000e-02 9.757900664712e+01
3.000000000000e-02 1.750000000000e-02 9.705649420576e+01
3.600000000000e-02 1.750000000000e-02 9.656561684515e+01
4.200000000000e-02 1.750000000000e-02 9.610614921701e+01
4.800000000000e-02 1.750000000000e-02 9.567788785600e+01
5.400000000000e-02 1.750000000000e-02 9.528064455099e+01
6.000000000000e-02 1.750000000000e-02 9.491424499830e+01
6.600000000000e-02 1.750000000000e-02 9.457852848066e+01
7.200000000000e-02 1.750000000000e-02 9.427334774914e+01
7.800000000000e-02 1.750000000000e-02 9.399856894893e+01
8.400000000000e-02 1.750000000000e-02 9.375407155841e+01
9.000000000000e-02 1.750000000000e-02 9.353974833560e+01
9.600000000000e-02 1.750000000000e-02 9.335550527067e+01
1.020000000000e-01 1.750000000000e-02 9.320126154444e+01
1.080000000000e-01 1.750000000000e-02 9.307694949276e+01
1.140000000000e-01 1.750000000000e-02 9.298251457666e+01
1.200000000000e-01 1.750000000000e-02 9.291791535837e+01

0.000000000000e+00 2.000000000000e-02 1.000000000000e+02
6.000000000000e-03 2.000000000000e-02 9.932315121465e+01
1.200000000000e-02 2.000000000000e-02 9.870088581301e+01
1.800000000000e-02 2.000000000000e-02 9.811397386918e+01
2.400000000000e-02 2.000000000000e-02 9.755965721603e+01
3.000000000000e-02 2.000000000000e-02 9.703727758416e+01
3.600000000000e-02 2.000000000000e-02 9.654652993492e+01
4.200000000000e-02 2.000000000000e-02 9.608718464752e+01
4.800000000000e-02 2.000000000000e-02 9.565903749545e+01
5.400000000000e-02 2.000000000000e-02 9.526190016165e+01
6.000000000000e-02 2.000000000000e-02 9.489559835876e+01
6.600000000000e-02 2.000000000000e-02 9.455997140643e+01
7.200000000000e-02 2.000000000000e-02 9.425487209375e+01
7.800000000000e-02 2.000000000000e-02 9.398016660123e+01
8.400000000000e-02 2.000000000000e-02 9.373573443928e+01
9.000000000000e-02 2.000000000000e-02 9.352146839436e+01
9.600000000000e-02 2.000000000000e-02 9.333727448166e+01
1.020000000000e-01 2.000000000000e-02 9.318307190349e+01
1.080000000000e-01 2.000000000000e-02 9.305879301370e+01
1.140000000000e-01 2.000000000000e-02 9.296438328782e+01
1.200000000000e-01 2.000000000000e-02 9.289980129914e+01

