# x y T
0.000000000000e+00 0.000000000000e+00 1.000000000120e+02
6.000000000000e-03 0.000000000000e+00 9.932317143787e+01
1.200000000000e-02 0.000000000000e+00 9.870092605256e+01
1.800000000000e-02 0.000000000000e+00 9.811403379576e+01
2.400000000000e-02 0.000000000000e+00 9.755973637844e+01
3.000000000000e-02 0.000000000000e+00 9.703737541309e+01
3.600000000000e-02 0.000000000000e+00 9.654664574702e+01
4.200000000000e-02 0.000000000000e+00 9.608731765012e+01
4.800000000000e-02 0.000000000000e+00 9.565918679189e+01
5.400000000000e-02 0.000000000000e+00 9.526206475736e+01
6.000000000000e-02 0.000000000000e+00 9.489577716775e+01
6.600000000000e-02 0.000000000000e+00 9.456016325850e+01
7.200000000000e-02 0.000000000000e+00 9.425507574204e+01
7.800000000000e-02 0.000000000000e+00 9.398038073036e+01
8.400000000000e-02 0.000000000000e+00 9.373595767375e+01
9.000000000000e-02 0.000000000000e+00 9.352169930744e+01
9.600000000000e-02 0.000000000000e+00 9.333751160438e+01
1.020000000000e-01 0.000000000000e+00 9.318331373405e+01
1.080000000000e-01 0.000000000000e+00 9.305903802688e+01
1.140000000000e-01 0.000000000000e+00 9.296462994464e+01
1.200000000000e-01 0.000000000000e+00 9.290004805646e+01

0.000000000000e+00 2.500000000000e-03 9.999999999164e+01
6.000000000000e-03 2.500000000000e-03 9.934109281732e+01
1.200000000000e-02 2.500000000000e-03 9.872032699913e+01
1.800000000000e-02 2.500000000000e-03 9.813349524657e+01
2.400000000000e-02 2.500000000000e-03 9.757908598783e+01
3.000000000000e-02 2.500000000000e-03 9.705659225504e+01
3.600000000000e-02 2.500000000000e-03 9.656573291811e+01
4.200000000000e-02 2.500000000000e-03 9.610628251918e+01
4.800000000000e-02 2.500000000000e-03 9.567803748872e+01
5.400000000000e-02 2.500000000000e-03 9.528080951744e+01
6.000000000000e-02 2.500000000000e-03 9.491442421005e+01
6.600000000000e-02 2.500000000000e-03 9.457872076486e+01
7.200000000000e-02 2.500000000000e-03 9.427355185613e+01
7.800000000000e-02 2.500000000000e-03 9.399878356036e+01
8.400000000000e-02 2.500000000000e-03 9.375429529571e+01
9.000000000000e-02 2.500000000000e-03 9.353997976879e+01
9.600000000000e-02 2.500000000000e-03 9.335574292749e+01
1.020000000000e-01 2.500000000000e-03 9.320150391970e+01
1.080000000000e-01 2.500000000000e-03 9.307719505782e+01
1.140000000000e-01 2.500000000000e-03 9.298276178906e+01
1.200000000000e-01 2.500000000000e-03 9.291816267149e+01

0.000000000000e+00 5.000000000000e-03 1.000000000022e+02
6.000000000000e-03 5.000000000000e-03 9.935239243356e+01
1.200000000000e-02 5.000000000000e-03 9.873383661486e+01
1.800000000000e-02 5.000000000000e-03 9.814732779221e+01
2.400000000000e-02 5.000000000000e-03 9.759289470730e+01
3.000000000000e-02 5.000000000000e-03 9.707031701438e+01
3.600000000000e-02 5.000000000000e-03 9.657936714859e+01
4.200000000000e-02 5.000000000000e-03 9.611982978955e+01
4.800000000000e-02 5.000000000000e-03 9.569150327945e+01
5.400000000000e-02 5.000000000000e-03 9.529419964838e+01
6.000000000000e-02 5.000000000000e-03 9.492774454016e+01
6.600000000000e-02 5.000000000000e-03 9.459197713641e+01
7.200000000000e-02 5.000000000000e-03 9.428675008604e+01
7.800000000000e-02 5.000000000000e-03 9.401192944052e+01
8.400000000000e-02 5.000000000000e-03 9.376739459515e+01
9.000000000000e-02 5.000000000000e-03 9.355303823611e+01
9.600000000000e-02 5.000000000000e-03 9.336876629339e+01
1.020000000000e-01 5.000000000000e-03 9.321449789947e+01
1.080000000000e-01 5.000000000000e-03 9.309016535384e+01
1.140000000000e-01 5.000000000000e-03 9.299571409334e+01
1.200000000000e-01 5.000000000000e-03 9.293110266813e+01

0.000000000000e+00 7.500000000000e-03 9.999999999806e+01
6.000000000000e-03 7.500000000000e-03 9.935864834320e+01
1.200000000000e-02 7.500000000000e-03 9.874178251600e+01
1.800000000000e-02 7.500000000000e-03 9.815559163338e+01
2.400000000000e-02 7.500000000000e-03 9.760117297678e+01
3.000000000000e-02 7.500000000000e-03 9.707855083150e+01
3.600000000000e-02 7.500000000000e-03 9.658754781886e+01
4.200000000000e-02 7.500000000000e-03 9.612795850975e+01
4.800000000000e-02 7.500000000000e-03 9.569958315368e+01
5.400000000000e-02 7.500000000000e-03 9.530223413298e+01
6.000000000000e-02 7.500000000000e-03 9.493573714379e+01
6.600000000000e-02 7.500000000000e-03 9.459993136329e+01
7.200000000000e-02 7.500000000000e-03 9.429466942621e+01
7.800000000000e-02 7.500000000000e-03 9.401981736926e+01
8.400000000000e-02 7.500000000000e-03 9.377525457404e+01
9.000000000000e-02 7.500000000000e-03 9.356087371449e+01
9.600000000000e-02 7.500000000000e-03 9.337658070985e+01
1.020000000000e-01 7.500000000000e-03 9.322229468335e+01
1.080000000000e-01 7.500000000000e-03 9.309794792675e+01
1.140000000000e-01 7.500000000000e-03 9.300348587065e+01
1.200000000000e-01 7.500000000000e-03 9.293886706049e+01

0.000000000000e+00 1.000000000000e-02 1.000000000000e+02
6.000000000000e-03 1.000000000000e-02 9.936065324109e+01
1.200000000000e-02 1.000000000000e-02 9.874440290593e+01
1.800000000000e-02 1.000000000000e-02 9.815833946308e+01
2.400000000000e-02 1.000000000000e-02 9.760393101859e+01
3.000000000000e-02 1.000000000000e-02 9.708129521587e+01
3.600000000000e-02 1.000000000000e-02 9.659027472115e+01
4.200000000000e-02 1.000000000000e-02 9.613066814089e+01
4.800000000000e-02 1.000000000000e-02 9.570227651134e+01
5.400000000000e-02 1.000000000000e-02 9.530491236212e+01
6.000000000000e-02 1.000000000000e-02 9.493840141259e+01
6.600000000000e-02 1.000000000000e-02 9.460258283957e+01
7.200000000000e-02 1.000000000000e-02 9.429730927331e+01
7.800000000000e-02 1.000000000000e-02 9.402244674562e+01
8.400000000000e-02 1.000000000000e-02 9.377787463354e+01
9.000000000000e-02 1.000000000000e-02 9.356348560695e+01
9.600000000000e-02 1.000000000000e-02 9.337918558149e+01
1.020000000000e-01 1.000000000000e-02 9.322489367731e+01
1.080000000000e-01 1.000000000000e-02 9.310054218361e+01
1.140000000000e-01 1.000000000000e-02 9.300607652889e+01
1.200000000000e-01 1.000000000000e-02 9.294145525701e+01

0.000000000000e+00 1.250000000000e-02 1.000000000008e+02
6.000000000000e-03 1.250000000000e-02 9.935864834320e+01
1.200000000000e-02 1.250000000000e-02 9.874178251594e+01
1.800000000000e-02 1.250000000000e-02 9.815559163335e+01
2.400000000000e-02 1.250000000000e-02 9.760117297677e+01
3.000000000000e-02 1.250000000000e-02 9.707855083149e+01
3.600000000000e-02 1.250000000000e-02 9.658754781885e+01
4.200000000000e-02 1.250000000000e-02 9.612795850975e+01
4.800000000000e-02 1.250000000000e-02 9.569958315368e+01
5.400000000000e-02 1.250000000000e-02 9.530223413298e+01
6.000000000000e-02 1.250000000000e-02 9.493573714379e+01
6.600000000000e-02 1.250000000000e-02 9.459993136329e+01
7.200000000000e-02 1.250000000000e-02 9.429466942621e+01
7.800000000000e-02 1.250000000000e-02 9.401981736926e+01
8.400000000000e-02 1.250000000000e-02 9.377525457404e+01
9.000000000000e-02 1.250000000000e-02 9.356087371449e+01
9.600000000000e-02 1.250000000000e-02 9.337658070985e+01
1.020000000000e-01 1.250000000000e-02 9.322229468335e+01
1.080000000000e-01 1.250000000000e-02 9.309794792675e+01
1.140000000000e-01 1.250000000000e-02 9.300348587065e+01
1.200000000000e-01 1.250000000000e-02 9.293886706049e+01

0.000000000000e+00 1.500000000000e-02 9.999999999651e+01
6.000000000000e-03 1.500000000000e-02 9.935239243308e+01
1.200000000000e-02 1.500000000000e-02 9.873383661472e+01
1.800000000000e-02 1.500000000000e-02 9.814732779215e+01
2.400000000000e-02 1.500000000000e-02 9.759289470728e+01
3.000000000000e-02 1.500000000000e-02 9.707031701437e+01
3.600000000000e-02 1.500000000000e-02 9.657936714858e+01
4.200000000000e-02 1.500000000000e-02 9.611982978955e+01
4.800000000000e-02 1.500000000000e-02 9.569150327945e+01
5.400000000000e-02 1.500000000000e-02 9.529419964838e+01
6.000000000000e-02 1.500000000000e-02 9.492774454016e+01
6.600000000000e-02 1.500000000000e-02 9.459197713641e+01
7.200000000000e-02 1.500000000000e-02 9.428675008604e+01
7.800000000000e-02 1.500000000000e-02 9.401192944052e+01
8.400000000000e-02 1.500000000000e-02 9.376739459515e+01
9.000000000000e-02 1.500000000000e-02 9.355303823611e+01
9.600000000000e-02 1.500000000000e-02 9.336876629339e+01
1.020000000000e-01 1.500000000000e-02 9.321449789947e+01
1.080000000000e-01 1.500000000000e-02 9.309016535384e+01
1.140000000000e-01 1.500000000000e-02 9.299571409334e+01
1.200000000000e-01 1.500000000000e-02 9.293110266813e+01

0.000000000000e+00 1.750000000000e-02 9.999999999977e+01
6.000000000000e-03 1.750000000000e-02 9.934109281722e+01
1.200000000000e-02 1.750000000000e-02 9.872032699896e+01
1.800000000000e-02 1.750000000000e-02 9.813349524650e+01
2.400000000000e-02 1.750000000000e-02 9.757908598780e+01
3.000000000000e-02 1.750000000000e-02 9.705659225503e+01
3.600000000000e-02 1.750000000000e-02 9.656573291811e+01
4.200000000000e-02 1.750000000000e-02 9.610628251918e+01
4.800000000000e-02 1.750000000000e-02 9.567803748872e+01
5.400000000000e-02 1.750000000000e-02 9.528080951744e+01
6.000000000000e-02 1.750000000000e-02 9.491442421005e+01
6.600000000000e-02 1.750000000000e-02 9.457872076486e+01
7.200000000000e-02 1.750000000000e-02 9.427355185613e+01
7.800000000000e-02 1.750000000000e-02 9.399878356036e+01
8.400000000000e-02 1.750000000000e-02 9.375429529571e+01
9.000000000000e-02 1.750000000000e-02 9.353997976879e+01
9.600000000000e-02 1.750000000000e-02 9.335574292749e+01
1.020000000000e-01 1.750000000000e-02 9.320150391970e+01
1.080000000000e-01 1.750000000000e-02 9.307719505782e+01
1.140000000000e-01 1.750000000000e-02 9.298276178906e+01
1.200000000000e-01 1.750000000000e-02 9.291816267149e+01

0.000000000000e+00 2.000000000000e-02 9.999999999809e+01
6.000000000000e-03 2.000000000000e-02 9.932317143674e+01
1.200000000000e-02 2.000000000000e-02 9.870092605233e+01
1.800000000000e-02 2.000000000000e-02 9.811403379568e+01
2.400000000000e-02 2.000000000000e-02 9.755973637841e+01
3.000000000000e-02 2.000000000000e-02 9.703737541308e+01
3.600000000000e-02 2.000000000000e-02 9.654664574701e+01
4.200000000000e-02 2.000000000000e-02 9.608731765011e+01
4.800000000000e-02 2.000000000000e-02 9.565918679189e+01
5.400000000000e-02 2.000000000000e-02 9.526206475736e+01
6.000000000000e-02 2.000000000000e-02 9.489577716775e+01
6.600000000000e-02 2.000000000000e-02 9.456016325849e+01
7.200000000000e-02 2.000000000000e-02 9.425507574204e+01
7.800000000000e-02 2.000000000000e-02 9.398038073036e+01
8.400000000000e-02 2.000000000000e-02 9.373595767375e+01
9.000000000000e-02 2.000000000000e-02 9.352169930744e+01
9.600000000000e-02 2.000000000000e-02 9.333751160438e+01
1.020000000000e-01 2.000000000000e-02 9.318331373405e+01
1.080000000000e-01 2.000000000000e-02 9.305903802688e+01
1.140000000000e-01 2.000000000000e-02 9.296462994464e+01
1.200000000000e-01 2.000000000000e-02 9.290004805646e+01

